Elite 1: Fitness: -84.0, Solution: [ 0.55897818 -0.93920548  0.38230448  0.85544938 -0.75587434 -0.01721628
 -0.55477919 -0.75059588  0.02217867 -0.69072779 -0.69988371 -1.15071044
  0.05986426 -0.39398119  1.14124138 -0.89778947  1.0914173  -0.53183082
  0.17728981  0.84234248 -0.08132119  0.14185422  1.25165398 -0.82621669
 -0.21312487 -0.22824871 -1.26540075  0.0915837  -0.38754713  0.02851589
  0.99457049 -0.27119489  1.15349385 -0.81129127  0.882737    0.36459522
  0.26537061 -0.11034954 -0.66702148 -0.28760453  0.27439207 -0.96510072
  0.14617943  0.73949992 -0.09877783 -0.51335786 -0.09427334 -0.83189522
  0.53959424 -0.72558014  0.44362864 -0.66824941  0.09734571 -0.67316661
 -0.4655441   0.26233378  0.19089968  0.9494944  -0.3681876  -1.31679806], Measures: [0.28983159 0.08774163]
Elite 2: Fitness: -84.0, Solution: [-0.08475638 -0.6873367   0.17692675  0.37768963 -0.82509634  0.93492326
 -0.96291375 -0.8601434   0.41789638 -0.98620104 -0.77294073 -1.11623243
 -0.02111788 -0.12700391  0.74075515 -1.49351546  1.56915541 -0.59042703
  0.12856938  0.74476298 -0.36749179  0.25240336  1.08675658 -1.34342672
 -0.22865248 -0.22324608 -1.12870151  0.05125457 -1.59347914  0.27397201
  0.92826731  0.71247533  0.33541419 -0.49570843  0.06281724  0.18008805
  0.11646687  0.05207535  0.01941294  0.00618332 -0.28971784 -0.37004605
  0.10331553  0.44159849 -0.18859992 -1.23412043  0.23522466 -0.84121781
  0.62298452  0.132625    1.44714393 -0.30282857 -0.09351805 -0.71784296
  0.02591756  0.16607722  0.35363336  0.75663236 -0.69084296 -1.44594069], Measures: [0.25718972 0.19205644]
Elite 3: Fitness: -84.0, Solution: [ 1.50451957 -0.38903817 -0.01323583  1.39397259 -1.14681226  1.54139381
 -1.61287693  0.2935469  -0.76255186 -1.52310718  0.16406706 -1.70831942
  0.06523437 -0.36037011  0.6045775  -0.81211249  1.23171315 -1.02810747
 -1.32452302  1.28794737 -0.74203664  0.46169854  1.88682054 -1.7946332
 -0.62883775  1.33419211 -1.06900202 -0.01386138 -1.60442277 -0.38338665
  0.47954413  0.60216889  0.87100304  1.004863    0.17379435  0.56113499
  0.32062502  1.15624759  1.42219642  0.30274774  0.03080219  0.44168302
  0.92109338  0.86877135 -0.30833241 -0.19807075 -1.00479079 -1.26703866
 -0.06270073 -0.25904618  0.70299033 -0.0242818   0.50252906 -0.82421725
 -0.21328901  0.28257261  0.21850298  0.93361861 -1.1166629  -1.44740211], Measures: [0.49751213 0.17518679]
