Elite 1: Fitness: 500.0, Solution: [-0.1921828   0.73602466  0.02303494 -0.70738998  0.82989883 -1.01424736
  0.50379155  0.55267651 -0.31196847 -0.4042603   0.81113405  0.27748657
 -0.39196337  0.15304323  0.45434083 -0.42758198  0.30163936 -0.7435936
  0.20925469 -0.39872571 -0.21243714 -0.47700584  0.48988293 -0.85584061
  0.47609809 -0.83027796 -0.53171825  0.08290614  0.22493294  1.10531898
  0.90165812  0.37934712  0.04268374  0.43095171  0.41874185 -0.90590616
 -0.70845946 -0.15453034 -0.53538221 -0.70675077 -0.89235222  0.11310718
  0.7070193  -0.30893494], Measures: [0.17913838 0.08429993]
Elite 2: Fitness: 500.0, Solution: [ 0.38463699  1.0236443   0.06014007 -1.05844258  0.98848404 -0.97713867
  0.53057954  0.62358182 -0.23535499 -0.56313307  0.92572146  0.01805817
 -0.20487886  0.33850967  0.48258372 -0.57121499  0.60995859 -0.49571658
  0.58036824 -0.41413309 -0.11917689 -0.77901274  0.64322912 -0.8659239
  0.39241141 -1.06078579 -0.69518408  0.11212873  0.12883658  0.96393387
  0.78783222  0.75132234  0.38872191  1.04944031  0.17501436 -0.64633232
 -0.36363182 -0.16622067 -0.59961218 -0.73218191 -1.20308768  0.45052806
  0.57225094 -0.48913236], Measures: [0.16396026 0.10187986]
Elite 3: Fitness: 500.0, Solution: [-0.14376227  0.61517141 -0.08992644 -0.95326674  0.89774748 -1.05581467
  0.43119758  0.64864891 -0.40308834 -0.54172451  0.79366481  0.61386834
 -0.27079173  0.08837868  0.38520544 -0.62198585  0.30486401 -0.42361671
  0.13271239 -0.55442354  0.0161974  -0.32514202  0.46598855 -0.76406702
  0.13019462 -0.57827329 -0.61549819  0.08608726  0.30579804  1.12646306
  0.89965586  0.50817556  0.14999449  0.46834046  0.45649966 -1.09967097
 -0.73991388 -0.36527298 -0.41704659 -0.64142521 -0.96679704 -0.03404462
  0.64730944 -0.36780452], Measures: [0.28854931 0.08658131]
