Elite 1: Fitness: -103.0, Solution: [ 1.04418927e+00 -4.04441596e-01 -7.95681544e-01 -2.67461330e-02
  1.51003984e-01 -2.87557634e-01 -6.80028860e-01 -7.34662336e-01
 -4.35219170e-01  1.26998593e+00 -1.34668662e+00 -8.11223506e-01
  5.73390011e-02 -1.24233904e-01  4.26017661e-01 -4.29679261e-01
  1.51796933e+00  7.07417543e-01 -3.32914203e-01  5.13507856e-01
  2.42708890e-01 -1.51027545e+00  2.99300964e-01 -5.91114996e-01
  1.86198004e-01  1.27640610e+00  6.12057532e-01 -6.67851510e-01
  1.19068897e+00 -6.94537619e-01  8.18497852e-01 -2.64212539e-01
 -1.02066038e+00  8.13789508e-01 -2.09303664e-01 -1.61573285e+00
 -7.71663522e-01 -4.04592141e-01 -1.09364868e+00  4.68410019e-01
  9.18742156e-01 -7.66734456e-02 -8.28464506e-01  7.25529243e-01
  1.43000216e-01  1.21535298e+00 -1.06032607e+00 -4.56079489e-01
  8.60053408e-03  6.40354101e-01  1.18810591e+00 -2.21634912e-01
 -1.12718233e+00 -5.02525540e-02  7.18630895e-01 -5.37121043e-04
 -1.19932022e+00 -6.69255817e-01  9.95762701e-01  1.11197697e+00], Measures: [0.53344312 0.10646193]
Elite 2: Fitness: -103.0, Solution: [ 0.68026402 -0.01198684 -0.34037343  0.16854683  0.21066432 -0.52862233
 -0.55580234 -0.57992054 -0.41507178  0.44298736 -1.19958264 -0.7655482
  0.34091944 -0.081188    0.07078065 -0.2754771   1.46366995  0.62827835
 -0.81868489  0.26899369  0.35167573 -1.41687192  0.24792986 -1.05603213
 -0.26443775  0.87298366  0.36862214  0.09829335  0.95085635 -0.55109793
  0.75855874 -0.13621717 -0.60785532  1.06944473 -0.31623861 -1.22186733
 -0.81241484 -0.70197032 -1.00242551  0.70022374  0.93173677  0.30905807
 -0.86158765  0.75557816 -0.05570805  1.12978964 -0.87586248 -0.53472117
  0.24709572  0.75609903  1.20132566 -0.31278087 -1.1513281   0.34211657
  0.81706398 -0.05428795 -1.27038113 -0.28177219  1.25931245  1.27878646], Measures: [0.48726484 0.20840426]
Elite 3: Fitness: -104.0, Solution: [ 0.48258677  0.34970092 -0.25029254 -0.21793046  1.12393909  0.41272205
 -0.75877027 -0.5595603  -0.31275644  0.05480813 -0.9151944  -0.75448644
  0.18082076  0.1712275  -0.28937148 -1.11285786  0.86801817  0.83277068
 -0.71936192 -0.49950821  0.29753267 -1.03286958 -0.08685377 -0.08171404
 -0.15946974  0.38283361 -0.33403251  0.34591046  0.46255116 -0.22102777
  1.50863154 -0.30725811 -0.78182956  0.38837393 -0.04113645 -0.51520755
 -0.84619565 -0.3068036   0.02493963  0.15519758  0.56496188  0.27437995
 -1.05560916  0.08544064 -0.95872245  0.86621319 -0.6486089  -0.65827743
  0.3064642   0.44204559  0.35982272 -0.49518201 -0.63251631  0.31424518
  1.25051591  0.27894598 -0.98719598  0.50220689  1.23613817  0.7608958 ], Measures: [0.43063231 0.07107302]
