Elite 1: Fitness: 500.0, Solution: [-0.60251033 -0.27047704 -0.38456113 -0.27074228 -0.14804727 -0.51318434
  1.20788962 -0.30149582  0.94160048  0.52773032  0.58845811  0.79500299
  0.81685132 -1.36605187  0.66283565  0.63426837  1.16960647  0.28258137
 -0.04932141  0.35880958 -0.41656112  0.35824557 -0.5010393   0.18249945
 -0.40520207 -0.51272513  0.30718944 -0.01330342  0.95966023  0.15797046
 -0.49534908  0.18014663 -0.28264515 -0.60325798 -0.82094947  0.02613812
  0.68241054  0.55789309  0.81876506 -0.56779442 -0.43839689  0.55100248
 -0.93793328 -0.15698132], Measures: [0.1909499  0.07579929]
Elite 2: Fitness: 500.0, Solution: [-0.53419187 -0.22262735 -0.36907665 -0.59767648  0.12948007 -0.47337314
  0.93282741 -0.08611394  1.04137946  0.67979751  0.61401068  0.85539148
  0.68787366 -0.41215259  0.48083759  0.63394424  1.67874379  0.28673654
 -0.0167027  -0.04027106 -0.05014007  0.50816585 -0.33852957  0.02138317
 -0.49729287 -0.31614977  0.18266049  0.12693969  1.01392463 -0.10192536
  0.0241663   0.22046009 -0.11197435 -0.39403498 -0.88146348 -0.00756891
  0.83012913  0.82867748  1.10199982 -0.94006034 -0.63594805  0.61654524
 -0.95969688  0.06173836], Measures: [0.15125785 0.14362252]
Elite 3: Fitness: 500.0, Solution: [-0.84480743 -0.06953219 -0.12838128 -0.65878117 -0.72991669 -0.38969226
  1.03047738 -0.27473923  1.11741687  1.02023662  1.06174628  0.73524026
  0.27192773 -1.24835185  0.19138758  0.9259637   1.07346483  0.12473151
 -0.2677792   0.71530728 -0.35186536  0.34883439 -0.07502278  0.15227999
 -0.71262807 -0.37683908  0.2734207  -0.0387313   0.87333879  0.29661738
 -0.02239563  0.15249957 -0.12170565 -1.10960528 -0.60895078 -0.18515274
  0.60048142  0.50563963  0.89388075 -0.73987902 -0.08076275  0.96814573
 -0.85878596  0.07250703], Measures: [0.22307852 0.09836272]
