Elite 1: Fitness: 268.46576912053916, Solution: [-0.41892749  0.43817235 -0.79345259  0.03855423  0.36226295 -0.68410753
  0.62534564 -0.51187171  0.0421284   1.26823468  0.68070393  0.61813794
  0.47963708 -0.86856879 -1.16590872  0.26743094 -1.50983672 -0.90973728
 -0.54695127 -0.36443095  0.51068344 -1.2051836  -0.14743265 -0.04681124
  0.25692967  0.8340035  -0.01787589 -0.45520919  0.36063672 -0.32983469
 -0.15106704  0.32278583 -0.87058011  0.64142126  1.11405651  1.11645533
 -0.02936901 -0.92262951  0.96186759  1.60884929  1.00254429 -0.28982921
 -0.04319977 -0.73640489  0.49867282  0.73190142 -0.74640049 -0.14848845
 -0.61810656  1.01182982 -0.16790122  0.05203821 -0.16124567  0.75049425
  0.99052283  0.18073605 -0.22108614  0.23069473  1.53698697  0.1674965
  0.48959533 -0.78338496  0.94348954 -0.91073425 -0.45968641 -0.112833
 -0.59030289  0.12733686 -0.64738254  0.91218821 -1.04810207  0.1340102
  0.01361094 -0.58809207 -0.33522606  1.1583797  -0.35323755 -0.86015113
 -0.3370752  -0.36681642 -0.13414293 -0.16507947  0.34477203  0.73180306
 -0.57861643  0.07873283 -1.22020129 -0.00862568], Measures: [0.47163483 0.0787392 ]
Elite 2: Fitness: 264.95891702866027, Solution: [-1.00506573  0.75085784 -0.71896741  0.1746954   0.79050573 -0.15941036
  0.28527465 -0.25620762  0.07923582  1.04667574  0.86932271  0.22911814
 -0.11144045 -0.75243473 -1.1629176   0.36692237 -0.70913666 -1.06368857
 -0.54494906  0.18388666  0.21627949 -1.01367206 -0.11487753 -0.04611722
 -0.29566913  0.0277421  -0.58535621 -0.22375483  0.69497271  0.0298307
 -0.59901083 -0.53230492 -0.8248059   0.72554621  1.38955384  0.79540658
 -0.03052312 -1.11326173  0.89661264  1.29420835  0.89324988 -0.13883794
  0.2080402  -0.13210076  0.84437903  0.54776513 -0.04794657 -0.55590373
 -0.43811546 -0.2385282  -0.04230619 -0.1462542   0.43876847  0.7839044
  0.85380035  0.17970837  0.01751981  0.31638022  1.17148407  0.01769523
  0.86513949 -0.27620507  0.97789286 -0.16765406 -0.3809509  -0.37110281
 -0.67800931 -0.04602084 -0.44325335  0.35509404 -1.13259255 -0.13063121
  0.73682889 -0.7193469  -0.07400815  0.63749649  0.20475467 -0.44249086
  0.12799762 -0.59649094  0.16441188  0.25348343  0.41707035  0.45338498
 -0.6034426   0.37331299 -0.73124263  0.22612891], Measures: [0.55371692 0.0537444 ]
Elite 3: Fitness: 262.81603582012747, Solution: [-0.02365906  0.74902593 -0.74542063  0.04383634  0.52064336 -0.84779887
  0.67448817 -0.48045706  0.07028951  1.053908    0.69864432  0.60804228
  0.41815572 -0.77430245 -0.81718513  0.25792447 -1.29879838 -1.01227312
 -0.55692429 -0.1035272   0.12403019 -0.68568733 -0.17990266  0.65186636
  0.22020905  0.76085018  0.03051889 -0.69578908  0.47270467 -0.34732496
  0.03607149  0.19220902 -0.65463865  0.58296592  1.19391008  0.88445025
  0.05224999 -0.73763355  0.94894479  1.85305486  0.89100123 -0.19916093
  0.06206535 -0.3431368   0.85991974  0.60165223 -0.97207265 -0.42241118
 -0.53777247  0.71274592 -0.34038344  0.11526553  0.26769636  0.54553026
  1.38871997  0.36582881  0.03356613  0.2393681   1.22546361  0.00875902
  0.46293357 -0.59177656  1.09302843 -0.66883285 -0.62097151  0.19857874
 -0.65530927  0.34578096 -0.86139655  0.87882489 -1.17347833 -0.1787403
  0.43297516 -0.79207461 -0.40210458  1.22910892  0.0092977  -0.69382402
 -0.17120587 -0.25521589 -0.19423961  0.00909354  0.56899645  0.74867044
 -0.55488161  0.05308334 -0.85571723  0.13098087], Measures: [0.48302456 0.08329006]
