Elite 1: Fitness: 303.2421050132552, Solution: [ 0.83905466 -0.71026035  0.80220694  1.71998618 -1.97916351  1.84067103
  0.72806239 -2.          0.38422851 -0.01331063 -0.31438524  0.1547586
 -0.05631697  0.95595447  0.51305344  0.26075765 -0.89637751  0.79484755
  0.29547951  1.32887258  0.07389973 -0.30839797 -0.29541436 -0.2367358
 -0.7363639  -0.1094716   0.56149741 -1.14599084  1.46827244  0.83062879
 -1.94055069 -0.13324309 -0.33739775  1.49974454  1.23629841  1.83946399
 -0.16874717  0.41304731  0.14939236  0.9901977  -0.70133912  1.9779179
  0.43234368 -0.42095167  1.56234007 -0.7326319   1.90429925 -2.
 -0.09079467 -1.07808876 -0.40729516  1.44850934 -1.33993673  0.2753048
 -1.27553703  0.56449531 -0.76911768 -1.89078214 -0.65796411  0.85924406
  1.01661575 -0.11938804 -1.39834532 -1.79957304 -0.1094914   0.16130665
 -0.15123731  1.09670974  0.09948747  1.28077271  0.80376057 -0.14510714
 -1.72236436  0.14146829 -0.11687445 -0.82174225 -0.81783894  1.43180261
  0.30790737 -0.16980816  1.95599069 -0.01273951 -0.26073187 -1.01542499
  1.95040105 -2.         -1.80926454  1.5474845 ], Measures: [0.51962555 0.43001571]
Elite 2: Fitness: 302.10774770058157, Solution: [ 0.48562636 -0.76975392  1.3140572   1.79764081 -2.          1.46835022
  0.68159508 -1.66338468  0.28899676 -0.60727146 -0.40146961  0.23794043
 -0.46681033  1.25230081  0.61267262  0.52320165 -0.62983619  0.70920707
  0.1819542   1.25233466  0.51128601 -0.02908408 -0.84882253  0.25432784
 -0.77922085 -0.1600733   0.07618934 -0.75887474  1.51884377  0.96361225
 -1.43355363  0.05164782 -0.62985992  1.39692528  1.30675492  1.84951586
 -0.35674463  0.35715572  0.36430869  0.75116206 -0.27892255  1.94812216
  0.1798143   0.43527111  1.524943   -0.69265359  1.92166224 -1.89785594
 -0.62103119 -1.30617505 -0.55033792  1.31160694 -1.99954001  0.08224849
 -1.61704185  0.39565037 -0.54749955 -1.56133941 -0.74197464  1.52176228
  1.43184984  0.22299399 -1.83217306 -1.39295738 -0.16481969  0.36645615
 -0.11608433  1.27010392 -0.29317159  0.7390669   0.83106871 -0.92048181
 -1.49724963  0.53081785 -0.39991119 -0.52389322 -0.37198116  2.
  0.09385311  0.23628648  1.62432276 -0.7752496  -0.18438752 -0.72823443
  1.99897967 -1.79979847 -1.57015278  1.77201085], Measures: [0.4875704  0.71948804]
Elite 3: Fitness: 294.7348269977079, Solution: [ 2.18613924e-01  4.51905762e-02  1.34849441e-01  1.56093923e+00
 -2.00000000e+00  1.02649301e+00  3.94070944e-01 -1.77560122e+00
 -1.97290909e-01 -1.29488879e-02 -3.25307375e-01  4.79765210e-01
  6.84469864e-01  9.10240164e-01  1.02529118e+00  1.25569788e-01
 -6.95973907e-02  7.01923199e-01  2.93539621e-01  7.93536927e-01
 -3.10593020e-01 -4.52142171e-01 -2.66462165e-01  4.11364651e-01
 -1.04517791e+00 -4.12033051e-01  1.40590601e-01 -6.28057365e-01
  6.41993853e-01  1.02055192e+00 -1.46496664e+00 -4.35142334e-01
 -8.67039220e-01  4.00585130e-01  1.32282175e+00  1.92916437e+00
 -3.87940268e-01  4.69623133e-01  1.89219902e-01  4.37684094e-01
  2.69332886e-01  1.88366728e+00  4.46505574e-01  1.57975666e-01
  3.10996454e-01 -1.86613082e-01  1.09549465e+00 -1.79843187e+00
 -7.95662105e-01 -1.57280831e-02 -7.47231645e-01  1.15877743e+00
 -1.62106509e+00  1.78888308e-01 -4.62182038e-01 -1.10200483e-01
 -8.10394994e-01 -1.74843305e+00 -9.64772690e-04  1.02148523e+00
  9.17148249e-01  8.14846629e-02 -1.03447585e+00 -1.53068020e+00
  6.38447243e-01 -2.07777628e-01 -7.48713577e-01  1.32332990e+00
  2.25363205e-01  6.65987781e-01  5.95929507e-01  7.05401470e-02
 -8.43384831e-01 -4.61792055e-01 -2.13917324e-01 -1.24588780e-01
 -9.40016043e-01  1.25904162e+00  3.61377563e-02 -1.76852245e-01
  1.84728099e+00 -6.71457197e-01 -6.00454598e-01 -3.28488827e-01
  1.59807003e+00 -1.62215911e+00 -1.23418456e+00  2.00000000e+00], Measures: [0.4392691 0.4727384]
