Elite 1: Fitness: 500.0, Solution: [-1.08319702  0.54354398 -0.15925014  0.68473081 -0.84330943  0.05131447
 -0.32546752  0.64543748 -0.2787587   1.04836812 -0.78783141 -0.57858522
  0.34809993 -0.03138755 -1.13151947  0.29919561 -0.63520476  0.65374551
 -0.54668187 -0.40572191  0.84769924 -0.08718298 -0.60397877  0.94272741
 -0.09358842  0.14027216 -0.25946    -0.408452   -0.09003106 -0.58696977
  0.64162092 -0.99625955 -0.80581576  0.73104619  0.78286923 -0.88599665
 -0.88789606  0.21059351  0.25723445  0.47078552  0.4055254  -0.69579354
 -0.70102935 -0.08896246], Measures: [0.07329413 0.05818496]
Elite 2: Fitness: 500.0, Solution: [-1.24106452 -0.38147476  0.30188563 -0.30327889  0.00704485  0.62670954
  0.30984318 -0.12539219  0.65724557  0.74071479  0.11503896  0.03582032
  0.18842619 -0.16279351 -0.47743604 -0.73053442 -0.03478141 -0.63426596
 -0.86494904  0.48238081  0.63147416  0.062516   -0.37783815  0.06000002
  0.14773169 -0.64936612 -0.98328157 -0.03884448 -0.76300243 -0.38382082
 -0.67359074  0.43702712 -1.29556273 -0.41504539 -1.45444778  0.25149946
  0.43129477  0.41949366 -0.61316331  0.20053062 -0.23644325 -0.01612324
  0.27731225  0.3425248 ], Measures: [0.15551668 0.02714099]
Elite 3: Fitness: 500.0, Solution: [-0.79478465  0.54573926 -0.34091503  0.63199548 -0.84997104  0.10104423
 -0.34261     0.40008452 -0.52265364  1.05294509 -0.9397577  -0.70658087
  0.61463802 -0.45537627 -0.96865789  0.41245228 -0.98338194  0.72768
 -0.34963407 -0.59710881  0.78811549 -0.04826018 -0.38866096  1.03251838
  0.14987959  0.11128529 -0.26205975 -0.39468362  0.01212706 -0.5867721
  0.90995873 -1.09814289 -0.86464292  0.66354558  0.79360938 -0.79098289
 -0.96500212  0.2669077   0.16659621  0.43810642  0.42965998 -0.50585397
 -0.72383627 -0.34531741], Measures: [0.18071552 0.05590537]
