Elite 1: Fitness: 500.0, Solution: [ 1.02229021 -0.47717006  0.16003962  0.74836874  0.67130104 -0.02743144
  0.40370046  0.21831387 -0.41804408 -0.3384293  -0.77193968  1.07495607
  1.35163269 -0.58145768  0.87097043  0.10607016  1.78611156  0.72804693
  0.49166325 -1.04261083 -0.64977592 -0.94698551  0.71008831 -0.46872273
  0.02654789  0.71150206 -1.1304333   1.4660953  -0.48955317  0.41385888
 -0.7802352   0.68371158 -0.24049633  0.96885186 -0.52225235 -0.80018671
  0.19006503  0.47495549  1.05091183  1.02189379  0.18181322 -0.67721044
  0.60367395 -0.61797463], Measures: [0.04632723 0.14430845]
Elite 2: Fitness: 500.0, Solution: [ 0.6755362  -0.58043682  0.05795471  0.35720186  0.64289151 -0.41402169
  0.8053812   0.66397578 -0.45885791 -0.13059895 -1.28261593  1.15076929
  0.90290852 -0.69428255  0.61201309 -0.12716186  1.20751196  0.48237708
  0.27753866 -1.02666413 -0.72828614 -1.19608424  0.46709036 -0.66015268
  0.47946708  0.48941962 -0.9468598   1.27369912 -0.1771729   0.20773065
 -1.07204879  1.06536786 -0.00998751  0.81887276 -0.68516732 -0.60716209
  0.38493576  0.54854356  1.28965723  1.1436998  -0.09424386 -0.8808913
  1.25621688 -0.31968487], Measures: [0.1832946  0.09711097]
Elite 3: Fitness: 500.0, Solution: [ 0.91622719 -0.22089058 -0.12205901  0.93054697  0.41386731 -0.21287598
  0.45778096  0.47394666 -0.62470052 -0.25997361 -0.99839305  1.34808016
  0.99319876 -0.33200635  0.42113821  0.22560236  1.60753235  0.55378513
  0.22933641 -1.4893288  -0.62886122 -1.26362057  0.89561335 -0.72935536
  0.57299897  1.22629518 -1.04384507  0.96975969 -0.41769848  0.28193351
 -0.90039771  0.81380812  0.01696381  1.09702876 -0.48802283 -0.35364296
  0.41091552  0.93607455  1.1101066   0.92015309 -0.14909367 -0.5033771
  0.91124334 -0.47945551], Measures: [0.14061957 0.17369944]
