Elite 1: Fitness: -96.0, Solution: [-0.13862197  0.45454425 -0.09156192  1.03582418 -0.667778   -0.90990452
  1.50080972  1.12370928 -0.47092517  0.51943606  0.16186283  0.6478034
 -0.26994032 -0.63967444  0.33885262 -0.47352623  0.92487578 -0.75831155
 -0.587665   -1.30179467  0.01562168 -0.25287388 -0.08067571 -0.23521823
 -0.86768822 -1.55337465  0.17893933 -0.42397922 -0.31913482  0.90093525
  0.94981305 -0.45038865 -0.10407201 -0.11035321  0.80988077  0.47190465
  0.33848304  0.2006698   0.22488749  0.48306339 -0.34408672 -0.0939276
  0.25580499 -0.22104631  0.24903797 -0.62733811 -0.78102163 -0.34987024
 -0.56629601  0.53523058  1.38277684 -0.01286965 -1.30910906  1.22386835
 -1.02198344  0.54457919  0.5802338  -0.43916774 -1.21360958 -0.00625949], Measures: [0.39688767 0.08656001]
Elite 2: Fitness: -96.0, Solution: [-0.18731612  0.57535967 -0.00249516  1.01423141 -0.61049505 -0.91979279
  1.12327018  1.18823531 -0.67369036  0.62891175  0.02125616  0.69951834
 -0.29620106 -0.55451144  0.58632384 -0.50470092  0.90697856 -0.63433258
 -0.38231661 -1.29315465  0.02292092 -0.12168202  0.14860597 -0.2596952
 -1.20018502 -1.39196231  0.20600028 -0.22172605 -0.3261203   0.709443
  1.10843523 -0.3801866  -0.30198123  0.20045935  0.94356793  0.7171433
  0.29769948  0.18762618  0.29395668  0.35240216 -0.28706138 -0.06637046
  0.3400825  -0.18437707  0.131284   -0.72256919 -0.7402138  -0.13689899
 -0.38978548  0.69435968  1.5225982  -0.21350731 -1.21811137  1.13347739
 -1.04033943  0.50427482  0.40364491 -0.44638836 -0.89003725 -0.12680301], Measures: [0.4242253  0.08573096]
Elite 3: Fitness: -96.0, Solution: [-0.12572699  0.95586097  0.03578607  1.16079741 -0.37475445 -0.89598035
  1.30088439  0.83376921 -0.38202678  0.65487492  0.03524393  0.25238638
 -0.11664153 -0.36397116  0.80200107 -0.13987279  0.50845689 -0.46864667
 -0.28537428 -1.00477758 -0.13198429 -0.17848198 -0.12804045 -0.49420274
 -0.68862673 -1.26685523  0.38184615 -0.16797433 -0.58366401  0.59650425
  1.11415412 -0.3628547  -0.23226814  0.37050578  0.93282763  0.76327991
  0.26451437  0.23127905  0.15436004  0.48667618 -0.53491535 -0.16314375
  0.26588387 -0.20381286  0.66417759 -0.32199666 -0.60108921 -0.53839021
 -0.33123446  0.43420552  1.3653741  -0.06153307 -1.07247788  1.02122108
 -0.71851119  0.29569575  0.84003426 -0.1189739  -0.89904467 -0.27316633], Measures: [0.24919419 0.04488922]
