Elite 1: Fitness: 500.0, Solution: [-0.1997479   0.26928458 -0.22387994  0.78660299 -0.14896909 -0.64011014
 -1.21936085 -0.476308    0.25488954 -0.10635065 -0.60490125 -0.96272635
 -0.18997529 -0.35991585 -1.12699102 -1.27124539  0.07781651 -1.03480521
  0.32367469  0.48119529  1.1010041  -0.21943764 -0.45757772  0.5969699
  0.63821737 -0.51856089 -0.08102984  0.05234369  0.14973365 -0.61032901
 -0.48813674 -0.01062667  0.2358931  -0.95220159  0.41257689  0.5678503
  0.27700018 -0.39117533  1.54706844 -0.48375371  0.02503935 -0.3637206
  1.18860912  0.3392438 ], Measures: [0.07878381 0.08093181]
Elite 2: Fitness: 500.0, Solution: [-0.85303329  0.26251719 -0.20394662  0.84917947 -0.38538363 -1.04903881
 -0.73363569 -0.96365654 -0.70994009  0.31438384 -1.48662782 -1.72920621
  0.24498145 -0.58098256 -0.5517565  -1.2496245   0.49607357 -0.85691376
  0.13911929 -0.03680167 -0.00259625  0.83139266 -0.59537636 -0.3539587
  0.56853373 -1.18481986 -0.36352743 -0.33191017 -0.33654244 -0.85295194
 -0.3905194  -0.18134602 -0.74822021 -0.85249628  0.17762795  0.35361322
  0.01013736 -0.05155941  1.2796217  -0.79921571 -0.03349969 -0.85688639
  0.26772591  0.92354568], Measures: [0.08192064 0.1947558 ]
Elite 3: Fitness: 500.0, Solution: [-0.45099093  0.48484816 -0.1937388   0.78281806 -0.04134547 -1.11385036
 -0.9648168  -0.14382071 -0.21256137 -0.16846707 -1.52906324 -1.43047763
  0.24225782 -0.15247992 -0.96056762 -0.81219896  0.15224081 -0.80653167
  0.34283176  0.13204914  0.53020299  0.94691109  0.46405852  0.00965251
  0.21247133 -1.45753841  0.0951608   0.36869115 -0.01463133 -0.2361839
 -0.18362638 -0.09318475 -0.40701422 -0.23968125  0.00271908  0.89663168
  0.05085676 -0.48019871  1.4206196  -0.88053057  0.12559588 -0.56550747
  1.15959711  1.00128569], Measures: [0.11584148 0.08533819]
