Elite 1: Fitness: -107.0, Solution: [-4.38095290e-01  1.16235794e+00  3.32642669e-04  4.85176875e-01
 -1.34296522e+00  7.74996927e-01  1.21290922e+00 -1.52789634e+00
  6.64531747e-01 -6.60995188e-01 -5.30398061e-01 -1.12289134e+00
  4.41120222e-01  5.78090008e-01 -4.24420029e-01  1.64213774e+00
  5.10398706e-01 -8.69667480e-01  6.50178455e-01 -3.82969716e-01
  1.33018152e+00 -1.35921223e+00 -6.62018493e-01  6.44473112e-01
  7.47777181e-01 -3.86116921e-01 -1.35823013e+00 -3.66910449e-01
 -1.42190083e-01  1.04086617e+00 -9.52644792e-01  6.70940121e-01
  5.39640093e-01 -7.54102518e-01 -1.46594658e-01 -4.18063020e-01
  1.14736833e+00  2.82289718e-01  6.88274889e-01 -9.96615295e-01
  1.19490312e+00  3.52868539e-01 -1.24001619e+00 -8.81304277e-02
 -5.20304144e-01  1.17878094e+00  6.91629802e-01 -7.34628542e-01
  1.00580620e+00  1.44875735e-01 -5.97821032e-01 -8.03537400e-01
  1.09667410e+00 -3.38427240e-01  1.65414330e+00  1.72906211e+00
  6.67958999e-01 -4.13128071e-01 -1.41952506e+00  1.63677627e+00], Measures: [0.30074365 0.30213069]
Elite 2: Fitness: -109.0, Solution: [ 0.08960494  0.87912038  0.19669259  0.43160127 -1.17034683  0.09319513
  1.54590925 -1.83564037 -0.10563952 -0.34005529 -0.46603607 -0.69057159
 -0.9670361   0.4598909  -0.41224885  0.97731322  1.6306709  -1.4685956
  0.61872582 -0.28229799  1.54838174 -0.4137456  -0.87291232  0.28271597
 -0.64565998 -0.49627279 -1.54792767  0.10673981  0.96089588  0.78671103
 -1.31521261  1.06324524 -0.22795504  0.14802083  0.6219162  -0.54128719
  1.1161082  -0.65008962  0.14478421 -0.76776128  1.15548508  1.15652039
 -1.5338121  -0.04325342 -1.37187558  0.58286207  1.45227235 -1.19008075
  1.54010896 -1.40534627 -1.00576414 -1.42812106  0.15183437 -1.25459336
  0.62687045  1.46330306 -0.25177132 -0.29485473 -1.46572447  1.00199556], Measures: [0.45610309 0.74186547]
Elite 3: Fitness: -110.0, Solution: [-0.20681019  0.86007783  0.48282664  0.26451085 -0.7917917  -0.03752106
  1.32389678 -1.80775163  0.59125014  0.38605799 -0.92734204 -0.66239544
 -0.11956131  0.58751582 -0.08903737  0.79547839  0.75733922 -1.2429476
  0.02572393 -0.33279097  1.28372565 -0.95200547 -1.02978446  0.76709189
 -0.38270348 -0.51536091 -1.2762074   0.6928017   0.20846919  1.24683648
 -1.0367321   0.7757892   0.62170896 -0.77644128  0.35718949 -0.95880001
  1.06014899  0.46777596  0.94523139 -1.43645058  1.0053951   0.43204739
 -1.55300751 -1.04952665 -1.22227893  1.20697078  1.04567645 -1.04082137
  1.34446311 -0.70282527 -1.15235999 -1.04349573  0.45950936 -0.65440884
  1.50200388  1.23985405  0.0251246  -0.45677841 -1.24329363  1.36173018], Measures: [0.53323652 0.26609862]
