Elite 1: Fitness: -95.0, Solution: [-1.25381091  1.40275653 -0.67131557  0.07287846 -0.61245383  0.76509675
  1.08949018 -0.74959443 -0.7219337   0.39567476  0.37944481  1.15233099
  0.41221453  0.29461232  0.42143339 -0.23653295 -1.18449688 -0.06272053
 -0.01079171 -1.42789034 -0.01081032 -0.77667131 -0.25854852  0.89973066
 -0.2479128  -0.84685501  0.87175537  0.39550116 -1.29807439 -1.19830886
  0.46862127  0.73881377 -0.37968933  0.06344957 -0.53947966  1.03149821
 -0.2758798  -0.20915296  0.59409522  0.42916076 -0.17051054 -0.35817037
 -1.20752009 -0.09939336  0.76620859 -0.06774083 -0.58138301 -1.28602162
 -0.37711123 -0.51608514  0.8284335   0.42826189  0.50123512  0.94137375
 -0.53445713 -0.87414956  0.46811215  0.59101047 -0.34595443  0.66865076], Measures: [0.45860659 0.08554941]
Elite 2: Fitness: -95.0, Solution: [-1.50751453  1.04311807 -0.67456822 -0.07496834  0.23424178  0.93280754
  1.54905714 -0.94908757 -0.53067849  0.51413539 -0.03583306  1.47729553
  0.35110063  0.47154006  0.29425533 -0.16820165 -1.3991932   0.05351263
  0.75727268 -1.12262037 -0.09388454 -0.54103389 -0.09534235  0.70016519
 -0.25455454 -0.62246273  0.30828081 -0.55421285 -0.55922356 -1.53851641
  0.57408129  1.14019312 -0.13393135  0.0104901  -0.70392459  0.26804741
 -0.13111394 -0.08129245  0.66758798  0.71943074 -0.0065265  -0.48316741
 -0.97462654  0.12910358  0.64250079  0.46612413 -0.62471827 -1.60238425
 -0.42802051 -0.23333451  0.27965071  0.70782471  0.57085797  0.87701749
 -0.41301686 -0.58541007  0.24911165  0.10821875 -0.3749519   0.54883463], Measures: [0.48183778 0.15675715]
Elite 3: Fitness: -95.0, Solution: [-1.51904337  0.95957898 -0.81094909 -0.06020013 -0.11098518  0.81188079
  1.53764827 -1.09316489 -0.52281474  0.2820076   0.08417931  1.29653635
  0.50679647  0.32124165  0.02761001 -0.17675511 -1.19066742 -0.10416372
  0.42240566 -1.22093921 -0.43694665 -0.38711636 -0.12525429  0.53583839
 -0.22328402 -0.32841425  0.28682037 -0.52871204 -0.88730965 -1.56233703
  0.65849761  0.96505786 -0.25488227 -0.03458381 -0.88831923  0.51543803
 -0.43615677 -0.02566243  0.56414072  0.83063755 -0.31119477 -0.48426151
 -1.04920492  0.13245115  0.73368986  0.19120299 -0.54514578 -1.53405324
 -0.58064491 -0.24757758  0.40331314  0.56695978  0.59377971  1.07180351
 -0.51286874 -0.52790072  0.29488712  0.3190233  -0.15236697  0.72822333], Measures: [0.50010939 0.17247447]
