Elite 1: Fitness: 280.02362228094466, Solution: [ 0.772073    1.78661705 -1.31633657 -0.1681031  -1.17181375 -0.92788472
  1.59173937  1.33993596  0.98095286 -0.63484927 -1.2340858  -1.50139992
  0.3614171  -0.76692415  1.07766655 -0.42941581 -0.73227965 -1.07392061
  0.37194611  0.77622108  0.24988513 -0.46967214 -0.76563324 -0.57893116
 -1.48482105  0.46009505  0.39171041 -0.12350519  0.45873608  0.38592281
 -0.6361684  -1.62143737  0.82108752 -0.84622043 -0.91054014 -0.76989925
  0.37241426  0.11031399 -0.74807768 -1.77236786 -0.66996903 -1.92237647
 -0.76875032 -0.90758223 -1.09056849 -0.32506673 -0.88423394 -1.22407629
 -0.51038095  0.47856082 -0.5423614  -1.45748255 -0.82747396  0.77307014
 -1.41195741  0.16412855  0.26850748 -0.54505319 -1.85996023  0.65034067
  1.45268763 -1.33635796  0.831664    1.09625134 -0.82171062  0.06407973
 -1.43034144  0.61210992 -0.588913    0.26628707  0.5676943  -1.46325555
 -0.33081342 -0.05354005  0.56604878  1.37421333 -0.80733981  0.07934036
  1.03260109  0.73503539 -0.84601392 -1.22903956 -1.06107979  0.39680278
 -0.07139724 -0.60470314 -0.93940672 -0.19502983], Measures: [0.62855305 0.46972439]
Elite 2: Fitness: 275.09227996129925, Solution: [ 1.71520965  1.39968884 -1.41227141 -0.74355731 -0.84936611 -0.25740669
  1.57471846  1.18938494  1.74639266 -0.42306676 -0.60000627 -0.50624712
 -0.33354989 -0.7369126   0.1122016  -1.75862093 -0.66261906 -0.78671962
  1.14416216 -0.33263926  1.47706136 -0.71038177 -0.94898174 -0.01493261
  0.31535984  0.67803    -0.01318181  1.13328199  0.36617597  0.6926005
 -0.20912642 -1.11354136  0.67373953 -1.02276666 -1.98572565 -0.5966975
  0.31965267 -0.65307204 -0.18277301 -1.62665936 -1.16394363 -0.85763214
 -0.74804083 -0.3828858  -0.75263012  0.42680968 -1.59635991 -0.37224338
  0.17537038  1.36087529  0.43767506 -1.5070583  -1.78134162  0.10590223
 -1.26834628 -0.39584142 -0.90793841 -0.40371471 -1.3925955   0.61443638
  0.9058262  -1.00221388  1.24901033 -0.99473168 -1.23199673  0.21549956
 -0.1449129   1.45471487 -0.96543403  0.72674661 -0.2176709  -1.8254539
 -0.15113386 -0.48385133  1.02453109  1.24313928 -0.76319178  0.70899041
  1.53044954  1.32496087 -0.72591854 -1.86826092 -0.36324438  0.61088932
 -0.05360353 -0.73562091 -1.78963608  1.00210414], Measures: [0.37101915 0.16172913]
Elite 3: Fitness: 274.74146506202953, Solution: [ 1.70045721  1.70205991 -1.99356238 -0.51982004 -1.10431991  0.91653013
  1.55600201  1.67531117  1.83967769 -0.59011649 -0.80207045 -1.29965338
 -1.0267475   0.04414152  0.00449323 -1.78654324  0.58939614 -0.51496366
  0.52735077  0.0906226   1.4102205  -0.84170588 -0.59341249 -0.10057692
  0.42910269  0.30915906  0.54402144  1.52571514  0.10811257  0.52373402
 -0.38480372 -1.05702958  1.95761856 -0.74156377 -1.49025686 -0.225302
  1.01764706 -1.32715904  0.9670458  -0.92186444 -1.61431693 -0.83815977
 -1.15035942 -0.85444941 -0.61903154  0.12485011 -1.16711855 -0.435505
 -0.3134541   1.60661428 -0.02642476 -1.82502813 -1.84448466 -0.43355407
 -0.31795185 -0.57694154 -0.39200107  0.07356758 -0.76518659  1.42089476
 -0.12833249 -1.27619466  0.60105386 -0.67476752 -1.84575025 -0.56132762
 -0.80245264  1.9430277  -0.05252797  0.59362448  0.51061172 -1.12922995
 -0.59029132 -0.08123429  0.98302564  1.77022092 -1.93303682  1.01218243
  0.74782723  1.0429515  -1.25128783 -1.55409436 -0.13671848 -0.10028283
  0.09408987 -1.25578895 -1.10337725 -0.24553278], Measures: [0.44432434 0.20832221]
