Elite 1: Fitness: 261.4223553346203, Solution: [-1.08839666  0.28213089 -1.33281989  0.43427806  1.33133788  1.07436424
 -1.52812284 -1.37484126  0.81036444 -1.52190212  0.09241893  0.81429225
  1.87557921 -0.53036497  0.15829137 -1.10270086  1.47876877  0.99255465
  0.71183598 -0.96554204  1.31934166  1.00418995  0.0731217  -0.46722704
 -0.56141623  0.44701347  0.82284827 -1.01587981  1.9619758   0.97987242
 -0.2891997  -0.71703148 -0.13064434 -1.57605542 -1.44926425 -1.37849639
  0.4184367  -1.1559676  -0.60324694 -1.31086037 -0.73602956 -1.47121098
 -0.08318712  0.14761078  0.96663267  1.84312889 -1.52195408  1.18962165
 -0.50336561  1.11451565  0.11779004  0.25922356 -0.74545852 -1.58866411
 -1.13616191  1.23493085  1.14317972 -2.         -0.15663081  0.5867047
 -0.69980739  0.99174534  1.39898724 -0.64050953  0.88543583  0.49155814
  0.17399591 -0.77133848  0.13438274 -0.43658388 -0.4257959   1.21522065
 -0.33759826 -0.84111249 -0.73473684  0.00348175  1.30417587  0.27544918
 -0.37114451  0.32029481  1.20833811 -0.76254233  1.24332593 -0.26314237
  0.83622351 -1.19154632  0.13594832  0.11189038], Measures: [0.47771015 0.31762959]
Elite 2: Fitness: 258.4130194384314, Solution: [-1.86552713  1.20365513 -0.93307286  0.23190747  0.99597859  1.56948207
 -1.85277539 -1.84300618  1.43152256 -1.0460428   0.82827284  1.17003475
  1.39000443 -0.11247956 -0.21484534 -1.13692688  0.98839628  1.24305997
  0.4957966  -1.31491504  1.67939994  1.25738592 -0.59776441 -0.76745946
 -0.50198082 -0.85263427  0.92064636 -0.17192993  1.007994    1.05896809
 -1.67830441 -1.65016084  0.49419996 -1.16535359 -1.91738005 -0.18776515
 -0.25990844 -0.45263214 -0.83007792 -1.67156586 -0.55471788 -1.65918688
  0.6698088   0.37344174  1.15770025  1.92028195 -1.336241    0.67027038
  0.1952276   1.01632393  0.63509119  1.23061891 -0.84110291 -1.20389829
  0.02999305  1.45622101  0.95248101 -1.59914111  0.12334137  0.27261489
  0.06050715  0.33682436  1.34627821 -1.10906939  0.55689888  0.09924241
  0.53958602 -0.73281814  0.06554096 -1.26804862 -0.68332353  0.01880231
 -0.25871453 -0.24674679 -0.86570087 -0.50601965  0.8908498   0.06957189
  0.1730162   1.12650693  0.69285253 -1.0792659   0.72364107 -0.05273828
  0.03536779 -0.45072816 -0.54373249  0.75108629], Measures: [0.59762381 0.53649599]
Elite 3: Fitness: 257.8664025543798, Solution: [-1.46387087  0.12726311 -1.89606478  0.16738715  1.27591749  0.84374827
 -1.79754185 -1.09906534  1.6013209  -0.84558334  0.56157317  0.59051551
  1.57087774  0.2947507  -0.01029322 -0.81573333  1.71130403  0.83848224
  0.45287986 -1.24558907  1.32431097  0.4872009  -0.73779216 -0.64409317
 -0.27660238  0.71124553  0.88919309 -0.66604054  1.90417007  0.6702598
 -0.99696042 -0.15748679 -0.77827336 -1.58589425 -1.65870053 -1.2779138
  0.61081241 -1.21462417 -0.71872111 -1.27576066 -0.89064211 -1.31055649
 -0.03177679  0.34716108  1.18818716  2.         -1.37001694  1.23057187
 -0.44996372  0.95173272  0.24125329  0.82084457 -0.37142477 -2.
 -1.08346049  1.17075108  0.84748698 -0.87346123  0.43247361  0.33745891
 -0.3548577   0.50995777  0.8930362  -0.49255382  0.39193546  0.55572173
  0.07737688 -0.85815481 -0.05544117 -0.38089357 -0.61237755  0.5927183
 -0.4635125  -1.13904398 -0.6118984   0.06891424  1.28637191  0.02255459
 -0.09464077  0.38003959  1.29998766 -0.89364526  1.03800102 -0.41520589
  0.34661901 -1.07749164 -0.32236986  0.01083964], Measures: [0.37771606 0.35451543]
