Elite 1: Fitness: -92.0, Solution: [ 0.26677335 -0.04974671  0.01914241 -1.13824353 -1.57075341 -0.93134593
 -1.29830838  0.66416294 -0.92868446 -0.62939208  0.51498671  0.9182669
  0.34994353 -0.68598005 -0.47961623  1.11939313  0.49207312 -1.42411567
  1.43359649  0.26023995 -0.353538    0.25017013  0.11461538  0.0680928
  0.90630536 -1.07943979  0.07005565 -0.05734667  0.57508302  0.47334414
  0.76188038 -1.06371851 -0.98773781 -1.52287715  1.36127891 -1.8469128
  1.02526752  1.14264017 -0.04138096  0.75208922  0.45203429 -0.30985327
 -0.33965023 -0.29174578 -0.92538709  0.51746062 -1.02248487 -1.03829586
  0.55401586  0.62652355  0.84124513  1.06295384  0.22352471 -1.12128649
  1.10240063  0.04788154 -0.17492848  0.98751967 -0.09797712 -0.52716551], Measures: [0.2268327  0.15384772]
Elite 2: Fitness: -92.0, Solution: [ 1.97172950e-01 -6.40228221e-02  5.10152942e-01 -1.01167398e+00
 -1.38350165e+00 -4.28309905e-01 -1.17565560e+00  1.16289612e-01
 -4.55929244e-01 -3.49040416e-01  3.19977557e-01  9.27611365e-01
  9.85925885e-01  3.16079881e-01  1.61727675e-01  1.11057936e+00
  6.92958430e-01 -1.72305653e+00  1.27340063e+00  6.83851263e-01
 -1.14482843e+00  5.69399263e-04 -1.31827023e-01 -3.08128712e-01
  1.02092432e+00 -9.24228079e-01  3.48295674e-01 -5.72758871e-01
  6.11546257e-01  9.95711039e-01  1.27509567e+00 -1.41570449e+00
 -2.14882213e-01 -1.48409765e+00  1.47198600e+00 -1.24675133e+00
  9.92550963e-01  9.42828445e-01 -2.90173744e-01  9.28067651e-01
  3.08393670e-02 -2.92574759e-02 -9.46612251e-01  1.89375528e-01
 -1.11384414e+00 -8.80106709e-02 -1.41000744e+00 -1.51885973e+00
  5.78696725e-01  1.32365103e+00  6.71899166e-01  9.07272493e-01
  6.83371499e-01 -1.40376786e+00  1.18658749e+00  4.96651795e-01
  1.09441038e-01  1.20816457e+00 -1.42263051e-01  9.07085360e-02], Measures: [0.45200257 0.17142851]
Elite 3: Fitness: -92.0, Solution: [-0.40772735 -0.08975809  0.57692532 -1.12251026 -1.16956679 -0.74800056
 -1.35749227  0.34793616 -1.03951198 -0.47153417 -0.00840562  0.5742569
  0.52350511  0.51493156  0.61968013  0.97047035  0.16249216 -1.37132985
  1.13590796  0.39661846 -0.09435837 -0.24221727 -0.07189767 -0.80142879
  1.19456527 -0.36805749  0.50791804 -0.55176843  0.7500622   0.60794475
  0.73435002 -0.65491681 -0.41041075 -1.41545733  1.47033659 -1.17245255
  0.90262048  1.26971318 -0.73968741  0.94137588 -0.10648391 -0.66858456
 -0.44905124 -0.51094754 -1.15209676  0.36546182 -1.16323904 -1.3722952
  0.49851783  1.24291785  1.61053688  1.54828326  0.27184654 -1.32422369
  1.25751873  0.11182509 -0.61382808  1.06688422 -0.66797836 -0.93835944], Measures: [0.48722722 0.22953464]
