Elite 1: Fitness: 500.0, Solution: [ 0.74348277 -0.66959236 -1.26850763 -0.51159098  0.8808079   0.60327724
  0.30918101  0.19134093 -0.56345122  0.82497649  0.64316427  0.98777375
 -0.80902453 -0.25099805  0.86117364  0.53153472  0.87364186 -0.05602776
 -0.12246463 -0.04859819 -0.70062502  0.25512875 -0.50900106 -0.27558353
 -0.63528943  0.13700847  0.59224258 -0.12913795 -0.03030928  0.48747436
 -0.36647067 -0.3733513   0.28942332  0.19789222  0.68695985  0.80841566
 -0.59067689 -1.15032278 -0.46307906  0.08881233 -0.00927213 -0.04809364
  0.91710663  0.8556112 ], Measures: [0.07081651 0.0686638 ]
Elite 2: Fitness: 500.0, Solution: [-0.44800034 -0.23697374 -1.25048442 -0.96096156  0.76699787  0.62716748
  0.66603073  0.61253946 -1.06008913  0.69264686  0.86922266  1.20327155
 -0.28040955 -0.19851338  1.35035659  1.00386738 -0.01249076 -0.23587619
  0.24728185 -0.83434908 -0.40717485 -0.57884727 -0.84931787 -0.25868952
 -0.41583567  0.33882834  0.64283391  0.2005359  -0.21547228  0.16145712
 -0.58490118 -0.13906538  0.50679725 -0.23389789  0.33893794  1.02893866
 -0.87877144 -1.46731572 -0.04709901  0.39875546  0.01454085 -0.52917953
  0.45907532  1.0949043 ], Measures: [0.12229103 0.09658349]
Elite 3: Fitness: 500.0, Solution: [-0.7670076  -0.28801717 -0.70365302 -0.26578752  0.18137769 -0.02839385
  0.76321727  1.35499566 -0.7135824  -0.5091036   0.92806508  1.09705249
 -0.51009886 -1.26879609  1.66242664  0.91900443  1.32524674 -0.59535928
  0.97671585 -1.77140264 -0.73286768  1.32309081 -1.34980159  0.58038652
 -0.7109677  -0.11768299  0.03253562  0.29506928 -0.23769494  1.1471919
 -1.46418115  0.17536785  0.16761037 -0.15903872  0.94450451  0.98976525
 -0.1479889  -0.55790287 -1.10767654  1.39522485  0.17059273  0.64226912
  1.17106691  1.20912192], Measures: [0.10278636 0.1822664 ]
