Elite 1: Fitness: 248.26701235075268, Solution: [-0.01145354  1.19272172  1.36541025 -0.48480579  0.92051524 -0.35254565
 -1.14716892 -1.17195034  0.94446216 -0.65757717 -0.70076285  0.30320049
 -0.66556005 -0.78197465  0.06707255 -1.27848647  1.04326267 -0.60970255
  0.89531406  0.3747232  -0.21137889 -0.28444898 -1.27752866 -0.70924214
 -0.23258774 -0.74303556 -1.21365085  0.24186005  0.81601384  0.64395232
  0.48590401  0.37506139 -0.24069718  0.26302531 -0.65059079  0.67916627
 -0.31152337  0.00357002  0.63926009 -0.91487759 -0.29900937  1.02327485
  0.98050529  1.37568662  1.19716572 -1.094176   -0.33542672 -0.65660848
  0.35193077  0.53836266 -0.52432669  1.26175955  0.57098543 -0.7798539
  1.04931106 -0.0134517   0.45321902  0.55348195  0.87019877  1.43950539
  0.25716765 -0.18952366  0.55351594 -0.75373141 -1.35633695 -1.05284774
 -1.37114564  0.96531342  0.94575268  1.8546468  -1.15124474 -1.27740454
 -0.43520447 -1.19005142  0.48239558 -1.13675895  1.43775839 -1.41785146
  1.71138314 -1.21037115  0.29959386  1.61554949  0.70874466 -1.16728215
  1.25022554 -0.81197816  1.42511267 -1.05252828], Measures: [0.47731472 0.6605707 ]
Elite 2: Fitness: 245.7038687499608, Solution: [-0.97193068 -0.06479961 -0.44231968 -0.45742671 -0.03765882  0.30772189
  1.71081606  0.94739604 -0.20824754 -1.92770142 -0.40290341  1.3107339
  1.14803147  0.27909628  1.39856388  0.32252036  1.20726844 -1.22579295
  0.82786267  0.62341565 -0.79188449  0.14840849  0.82756438  1.83122329
  0.16349291 -1.41861903  0.43469133 -0.65768163 -0.94090083  0.81575228
  0.21926145 -0.41630804 -0.54812222 -0.02786912 -0.83266544 -1.22642875
 -1.58034288 -0.60089946 -0.0094129   1.04008693 -0.48749928 -1.04814954
  0.32786684  1.19305714  0.61118561 -1.30693702  0.75772369  1.00517329
 -0.65670001 -0.76593868  0.68426032 -0.26364362 -0.71357049  0.83480794
  0.94576579 -0.90952657  1.28659952 -0.98327902 -0.168423    1.1116796
 -0.2970985  -0.3277733   0.1539693   0.82683528 -0.05831109  0.87867529
 -0.40103992  1.45684846 -0.13040495  0.38271419  1.25851482 -0.6756586
  0.11957348  0.95625102  1.49190991  1.09500219  0.53871017 -0.15260794
  0.76236564 -0.58271391  0.17844038  1.3741859  -1.33194806  0.98239309
 -0.99968415 -1.12610027 -0.28647421  0.96290979], Measures: [0.42660417 0.30903447]
Elite 3: Fitness: 245.7038687499608, Solution: [-1.154203   -0.78658327 -0.54555131 -0.54198358 -0.22193322  0.05351275
  1.6839192   0.86957042 -1.033514   -1.420014   -0.52197358  1.59685323
  1.25853668  0.5520955   1.86717858  0.0737472   1.04345875 -1.00216262
  0.62613576  1.78261935 -0.87151201 -0.1223022   1.48295335  1.18906249
 -0.51290327 -1.48313538  0.58339666 -0.39644956 -0.72482994  0.61492067
  0.2795677   0.19166803 -0.39492984  0.25970801 -1.05685322 -1.17003276
 -1.40266309 -0.80193737 -0.33433687  1.02868652 -0.58731502 -1.18086099
  0.75860445  0.79032935  0.66228944 -1.16547633  0.85304479  1.15783915
 -0.7023437  -0.31875029  0.65088628  0.34835443 -0.83396753  1.28685858
  0.92701445 -1.46988119  1.2297047  -0.34096349 -0.10889862  0.85679672
 -0.76686666  0.22550869  0.11669016  0.66425872 -0.85623747  0.54622312
 -0.40802867  0.89450569  0.05553659  0.04625396  1.46479927 -0.89711673
 -0.72044325  0.48543543  1.61184478  0.99740088  0.44902698  0.21627606
  1.16495151 -0.37572816  0.74601995  0.79779395 -1.32678019  1.18588371
 -1.28197499 -1.52640967 -0.86391237  0.99806364], Measures: [0.33071766 0.41471294]
