Elite 1: Fitness: -94.0, Solution: [-1.41610237  0.37122836  0.68689352 -0.31900394  1.00820769 -1.06458904
  0.83519958  1.34683431 -1.0049218   0.48759704  0.20026508 -1.06843105
  1.0903508   1.2034275  -1.2914699  -0.49847213 -1.20745479  0.45615081
 -0.0476132   0.30052059  0.32472888  1.21270918  1.26994831  0.81628869
  0.2042022  -0.66430859  1.24794639 -0.52833826  1.39894705  0.13889263
  0.85831537 -1.19924679  0.92999624 -0.9896524   0.1568839   0.22198301
 -1.24770375  1.400799   -0.37671362 -0.43110256  0.23803896 -1.69236524
  0.22607146  0.22436037  0.95473433 -0.73999946 -0.54033302 -0.7419269
 -0.0128193   0.79490919 -0.61071866  1.10629002 -0.62937629  0.81563908
  0.20942647  0.669469   -0.16318542 -0.96875094 -1.78581904 -1.45106794], Measures: [0.40690885 0.19966991]
Elite 2: Fitness: -94.0, Solution: [-1.86349211  0.31849977  0.86713095 -0.47159179  1.11263242 -0.75184258
  0.98857857  1.04133654 -1.10022089  0.15185657  0.22845163 -1.09392068
  1.06403253  1.01009731 -1.36650772 -0.90184584 -0.96354668  0.57569852
 -0.43090269  0.05423232  0.33767047  0.81306691  1.09802589  0.53605072
  0.33143214 -0.94889667  0.76463279 -0.51332105  1.64528888  0.16318893
  0.47912253 -1.39744477  0.72768496 -0.96874861 -0.17402301  0.3797611
 -1.4753378   1.30568036 -0.76455602 -0.53051253 -0.18061101 -1.38578419
  0.20464477  0.531734    0.54661786 -1.15648259 -0.74105532 -0.78649669
 -0.24428322  0.78361236 -0.53582427  1.07533151 -1.104029    0.88535624
  0.09399853  0.78348896 -0.01860269 -0.90883563 -1.76613285 -1.50599133], Measures: [0.37455297 0.19637244]
Elite 3: Fitness: -94.0, Solution: [-0.83860876  0.2023508   0.59158574 -0.57812249  1.08443603 -1.31017699
  0.96385253  1.93644789 -0.94336341  0.73163975  0.71305899 -0.82776817
  1.24787003  0.66648581 -1.32134101 -1.06348377 -1.64602566  0.40163811
 -0.08001453  0.03994812  0.35127483  1.00639779  1.19765473  0.61894752
 -0.40964855 -0.54460741  0.98215022 -0.35217672  1.2437054   0.7722785
  0.87033155 -1.63534183  1.47111582 -0.91868186  0.35667222  0.65858123
 -0.46776584  1.52902126  0.09441237 -0.55310902  0.49267301 -1.7063806
  0.34120311 -0.36755595  0.52190604 -0.13268106 -0.25980328 -0.81155205
  0.18355828  1.78838834 -1.13029401  0.37301991 -0.83560456  0.27430828
  0.31666489  0.73187424  0.0915218  -1.11744006 -1.48199357 -1.75437008], Measures: [0.50712408 0.36028265]
