Elite 1: Fitness: 500.0, Solution: [-0.27733195 -1.30951099 -0.30353692 -0.57538832  0.45133604 -0.41312007
  0.366913    0.61721872 -0.12940582  0.71390496 -0.3950873  -0.9051066
  0.39866454  1.15269055  0.94806231  0.04500547  0.07011429 -0.1742959
  0.8599847   0.27746829  0.84679957 -0.98890859 -0.36988827 -0.76750242
 -0.01262289 -0.8103299  -0.66877271 -0.75082144 -0.06605594  0.17761994
 -0.05510057  0.02052676 -0.54419031  0.81485889  0.45826422  0.48778309
 -0.72244294  0.91847088 -0.58033738 -0.07243837  0.22487308 -0.20505413
  0.50783862  0.60950775], Measures: [0.09091993 0.03628278]
Elite 2: Fitness: 500.0, Solution: [-0.40758452 -1.15621934 -0.96707547 -0.70026648  0.63129817 -0.09760873
  0.6865471  -0.04214548  0.47748878  0.3523109  -0.45071096 -0.62510844
  0.22599414  0.91244137  1.11314953  0.38305427 -0.09266457  0.00347949
  1.15903517 -0.3642156   0.51678523 -0.32398818 -0.43685168 -1.11774604
  0.04209814 -0.75649269 -0.54348036 -0.90995977  0.25594153 -0.33498142
  0.0764398   0.17562573 -0.749378    1.02412924 -0.55496017  0.85190367
 -0.62462444  0.36748982 -0.44994281 -0.31981759  0.68897146  0.36634869
  0.12954998  0.61953683], Measures: [0.05047207 0.05349297]
Elite 3: Fitness: 500.0, Solution: [-0.53091376 -1.08796121 -1.04956871 -0.61767774  0.22029311 -0.06313762
  0.38589244  0.50518386 -0.0423743   0.12568984 -0.40795248 -0.41477744
  0.14821459  0.98843916  1.07298603 -0.07565709 -0.1487159  -0.36069716
  0.93358972 -0.39873735  0.76859909 -0.62174569 -0.38351014 -1.21466653
  0.22062675 -0.66870323 -0.51978707 -0.68404222  0.41624802  0.10796342
  0.37922381  0.08675344 -0.73184393  1.11918618 -0.69398414  0.76679776
 -0.71253058  0.68714689 -0.38190789  0.01225311  0.23575273 -0.03880412
  0.29680481  0.67383624], Measures: [0.06052759 0.06087924]
