Elite 1: Fitness: -97.0, Solution: [ 0.37292743  0.49945697  0.60419633  0.14488833 -0.29616247  0.5724481
  0.49047268  1.13804959  1.21776867  0.37350779  1.09857411  0.12511441
 -0.59379876  0.51026499  0.82269422  0.52783914 -0.18501746  0.42522907
 -0.29260097 -0.86449204  0.52156041 -0.09574693 -0.42651961 -0.37984457
  0.78348077  0.11104544  0.78308951  0.26493585  1.00444896  0.09185986
 -0.62658866 -0.34347803 -0.03857766  0.49854595 -0.01712386 -0.42544437
 -0.29904538  0.86778465 -0.42724137 -0.41080433 -0.16547207  0.40593969
  0.51392926  0.65005459 -0.84470373 -0.19741634 -0.7156649  -0.54803886
 -0.47551252  1.01025575  0.41650174 -0.81132776 -0.38770738 -0.23861291
  0.60732649 -0.90634482 -0.65906085 -0.12094951  0.95656322  0.80554807], Measures: [0.40716938 0.05683493]
Elite 2: Fitness: -97.0, Solution: [ 0.73953402  0.88099053  0.12318498  1.04466191  0.17509213  1.37230514
 -0.11270962  0.78451444  0.39844199  0.31360116  0.85327345 -0.50257829
 -0.65862419  0.35205962  1.2692122   0.76325441 -0.76120952  1.02312396
  0.30974591 -0.22715864  0.97775343  0.56341353 -0.4329355  -0.29784095
  0.11179208 -0.07487911  0.47952155  0.5175997   0.55613387  0.17946834
 -0.53778983 -0.87816727  1.1290764  -0.13413389 -0.2936817  -0.49994857
 -0.87299212  0.70985217 -0.67092166  0.01448792 -0.06246382 -0.59710422
  0.50423448  0.58984826 -0.76351396 -0.66363553 -0.48854199 -0.42940227
 -0.34858187  0.96888081  0.73416019 -0.91296365  0.43759968  0.26125705
  0.52663344 -0.42416603 -0.76467781  0.53140936  0.42484456  0.27427632], Measures: [0.40696178 0.07848802]
Elite 3: Fitness: -97.0, Solution: [ 0.75032808  0.86240065 -0.02680525  1.04403718  0.14421939  1.45863647
 -0.14489819  0.902103    0.38816658  0.29135437  0.9456086  -0.65539725
 -0.78648731  0.49230428  1.25324184  0.85535425 -0.9075636   1.11601946
  0.15876464 -0.17188233  0.86514985  0.58782494 -0.56680647 -0.313285
  0.01540569  0.11116679  0.45756051  0.31296841  0.68910583  0.02468571
 -0.62919712 -0.84682224  1.14576474 -0.1589456  -0.38628335 -0.42732244
 -0.8336376   0.77267138 -0.57221887  0.06433642 -0.06265004 -0.52520207
  0.45642966  0.63059953 -0.79621622 -0.70926668 -0.60340529 -0.38615566
 -0.35804621  1.05877312  0.6001694  -0.86414751  0.30938952  0.28656151
  0.73360546 -0.46405367 -0.54113861  0.54316056  0.45530009  0.40815305], Measures: [0.40691079 0.09033842]
