Elite 1: Fitness: 500.0, Solution: [ 0.83526561  0.29712302  0.17378967  1.12460606 -1.1627432  -0.40456117
 -0.79131443  0.35493744  0.47482789 -0.36366806 -0.75914579 -1.11566625
  1.04236682  0.38506807 -1.50828111 -0.03610503 -1.66250919 -1.16719638
  0.50539841 -0.357847    1.18221117 -0.27383127  0.78001741 -0.04423777
 -0.96272358 -0.75912868 -0.94401919  0.39284704  0.14951517  0.19899544
  1.09215998  1.04043963  0.9334205  -0.27056605 -0.95853277 -0.66190639
 -0.54155959  0.69347152  0.75524242 -0.44678124  0.43316514  0.01213062
 -1.04406163 -1.03356699], Measures: [0.09813015 0.09683465]
Elite 2: Fitness: 500.0, Solution: [ 0.84630188  0.40725963  0.06741488  1.96867541  0.53758387  0.45402582
 -0.76346131  0.40741357  0.08893458  0.17120896 -1.54266255 -0.79834767
 -0.09830443  0.37307008 -1.27226167 -0.54631523 -0.89310708 -0.26468673
 -0.87109299 -0.22019492  1.33352376 -0.18936184  0.25059999  1.0686121
 -0.49894118 -1.61476059 -1.1150666  -0.57297515  0.06487404  0.46370157
  1.92738087  0.86911771 -0.34223324  0.80666491 -0.2839139  -1.1203249
 -0.09485778 -0.38397312  0.61764338  0.27190236  0.26503247 -0.4157364
 -1.26965415 -1.45139629], Measures: [0.03849943 0.16356941]
Elite 3: Fitness: 500.0, Solution: [-0.27742063  0.2666773   0.80524109 -0.6660177   0.39486975  1.23660963
  0.71523346 -0.4492985   1.54854804 -1.10135042  1.18062055  0.80529398
 -0.649431   -0.15251477  0.70344465  0.46857784 -0.02024439  0.24946636
  0.55522773 -0.63887704  0.9528601  -0.49721136 -0.12623206 -0.54244441
 -0.33942396  0.62133583 -0.29938517  0.54297942  1.08031958  0.54748213
 -0.34351124  0.03993828 -0.31441971 -0.82655089  0.97196796 -0.6427457
  0.21686593  0.27839683 -0.45623076  0.83050286  0.22390502  0.07622627
  1.47344814  0.43801725], Measures: [0.17579968 0.08099519]
