Elite 1: Fitness: -83.0, Solution: [-0.66497342  0.3648848  -0.54211614 -0.71656258  0.61851584  0.11219849
 -0.45342058 -1.52256827  0.62276918 -0.64814984  0.09793473  1.04083689
  0.81287326  0.35220054 -0.39177779 -0.41927429  1.29474516 -0.04923464
 -0.20761991 -0.80229845  0.45291005  0.65720133  0.60099569 -0.65418452
 -0.73370995 -0.22591721 -0.19598771  0.37541139 -0.5238075   0.4045118
  0.35255918 -0.26929191 -0.60017291 -0.68629863 -1.026112    0.1017292
 -0.51555479  0.21634347 -0.17195239 -0.25890944  0.2002426  -0.90963347
  0.83409483  0.56718122  0.00167838  1.32333386  0.10018526 -0.36030133
 -0.69448634  0.95888411 -0.05339595 -0.00456479 -0.96340616 -0.61048927
  0.06873743  0.54566413  1.4439748  -0.48794487  0.10577492  0.02873951], Measures: [0.38119469 0.06590934]
Elite 2: Fitness: -83.0, Solution: [-0.22049442  0.52000084 -0.77482418 -0.74349492  1.01757699 -0.00752839
 -0.66878508 -1.81205223  0.80528056 -0.5946673  -0.04094778  0.71554672
  0.85239077  0.09623388 -0.4727022  -0.04959453  1.13444833  0.42283438
  0.06673338 -0.63507109  0.20345108  0.56383354  0.45297826 -0.83151137
 -0.71069659 -0.6469424  -0.21129192  0.26721661 -0.50539045  1.05965685
 -0.21905002 -0.43808734 -0.76480331 -0.8499952  -0.63809026 -0.35937434
 -0.51660088  0.39124946 -0.49038205 -0.06961057 -0.15168622 -0.70726262
  0.86699632  0.51894952  0.6036256   1.26932234 -0.10203272  0.07795695
 -1.08993049  1.01948982 -0.05117718  0.415025   -0.87865157 -0.67689047
 -0.45069261  1.0114345   1.31746292 -0.86287483  0.04655672  0.0265891 ], Measures: [0.38885737 0.1304931 ]
Elite 3: Fitness: -83.0, Solution: [-0.35714475  0.40564691 -0.84024486 -0.77729816  0.80377882  0.08694728
 -1.04101884 -1.83410474  0.88256916 -0.71183122  0.01987012  0.89724747
  0.87061202  0.05320712 -0.34990288 -0.09676251  1.35771514  0.30035246
  0.17712433 -0.68196305  0.41662891  0.71123996  0.50615456 -0.43749201
 -0.58353669 -0.45717948 -0.0600044   0.28479826 -0.66565876  1.06796332
 -0.19008687 -0.53921388 -0.6458901  -0.82165663 -0.51831158 -0.11551439
 -0.73626604  0.23257431 -0.35951992  0.05016629 -0.25357123 -0.75893702
  0.91495639  0.26424928  0.45274547  1.24918754  0.03828022  0.07463704
 -1.22817898  0.89273192 -0.17049814  0.3080225  -0.7783404  -0.52404159
 -0.29804629  0.92972516  1.32853996 -0.94382118  0.18461509  0.04377838], Measures: [0.40005222 0.15214896]
