Elite 1: Fitness: 500.0, Solution: [ 0.32002764  0.31492052 -0.17627482  0.42963267 -0.37579548 -0.48169492
 -0.25673637 -0.07537332 -0.59044378 -0.34644633  0.05710208  0.09390215
 -0.42460455  0.60285629  0.61232927  0.87400875  0.06083483 -0.48863217
  0.44206413  0.10590363  0.06970005 -0.23038214 -0.49019628  0.18735468
  0.71528396 -0.35754516  0.07263486 -0.39311209  1.04792771  0.70669936
  0.63711931 -0.75687359  0.88390578  0.14191084 -0.32450971 -0.21081011
 -0.7188137  -0.43765965 -0.55312226  0.92041592 -0.99472082 -0.50747066
 -1.01242285 -0.33000128], Measures: [0.08771858 0.09426955]
Elite 2: Fitness: 500.0, Solution: [ 0.432246    0.03206732 -0.05783386  0.56941471 -0.35671881 -0.00803259
 -0.39931702  0.35348275 -0.59544167 -0.51554664 -0.02964744  0.14346253
 -0.56881237  0.39301238  0.55373623  1.09879712  0.13249982 -0.19105302
  0.25191315  0.08247724  0.29565374 -0.00905915 -0.68824073  0.01817212
  0.75526928 -0.46466429 -0.09263461 -0.20553978  0.91126405  0.40585772
  0.36315999 -0.57555094  0.80710484  0.39120174 -0.21008304 -0.13266559
 -0.71886402 -0.38071348 -0.57811352  0.92425275 -0.82759868 -0.5213914
 -0.94092867 -0.41809954], Measures: [0.13526224 0.08841194]
Elite 3: Fitness: 500.0, Solution: [ 0.20085092  0.12581456  0.17468226  0.30410474 -0.45410648 -0.10448642
 -0.18022754  0.22289543 -0.72031239 -0.59462696 -0.24813577  0.1759339
 -0.57727556  0.72098599  0.41059741  0.95676544  0.0303468  -0.4695739
  0.36380424  0.15709456  0.33262459  0.02592823 -0.51319989  0.05685233
  0.64213732 -0.44781993 -0.01500177 -0.39830017  0.88739918  0.6040507
  0.57918672 -0.58286049  0.75674299  0.04707559 -0.29626154 -0.21778626
 -0.79323161 -0.64375732 -0.66289444  0.94885131 -0.97151397 -0.62555077
 -0.93680574 -0.28460025], Measures: [0.12172157 0.10003384]
