Elite 1: Fitness: -102.0, Solution: [-0.56014135  0.89297071  0.23496761 -1.07219517  0.4375683   1.23112122
  1.70753002  0.56067612 -0.94970318 -0.1734654   0.1382169  -0.38080691
  0.23083448  1.12705467 -1.94832515  0.25230218 -0.73171413 -1.55542015
  0.75692199 -0.76192143 -1.6375508   1.67797139  0.74695119 -1.08945293
  0.92636747  0.4197411  -1.83287184  1.70831558 -0.39607645 -1.27508463
 -1.75393026  1.253883   -1.46400857 -0.53583281 -1.40004107 -0.10846187
  0.49358904  0.70001212  0.30464393  0.88897096  1.38678605  1.71462559
  0.43838587  1.68061416 -0.8958948  -0.20869963  1.0099503  -0.4628656
  1.42664913  1.35228888 -0.61286161 -0.01970121  0.11149539 -1.76115926
 -1.52400114  1.62442678 -0.68452685 -0.38849543  1.74864167  1.27901661], Measures: [0.47839989 0.76804329]
Elite 2: Fitness: -103.0, Solution: [-0.69007826  0.46153062  0.27074545 -0.80534614  0.69281959  1.20194508
  1.08977772  1.10065143 -0.83268965 -0.09354926 -0.28705223 -0.10118457
  0.27167124  0.70579093 -1.62157046  0.57419804 -1.08200425 -1.66417833
  0.38463943 -0.30219108 -1.71348629  1.03861112  0.1587116  -1.64168414
  0.72395435  0.03968883 -1.34977628  1.47953095 -0.71976782 -0.23802009
 -1.87735123  0.46173982 -1.49160999 -0.14390881 -1.08583837 -0.40895711
  0.66875413 -0.19551127  0.05477348  0.5787284   1.66459137  1.64913266
  0.86159177  1.7900299  -0.58527236 -0.4098793   1.01176915 -0.16686118
  1.0612503   0.98458569 -0.33090976 -0.21879994  0.44864641 -1.12053651
 -0.66842802  1.00922586  0.28712712  0.60320201  1.28995866  0.91181524], Measures: [0.41004127 0.3110017 ]
Elite 3: Fitness: -103.0, Solution: [-0.79805692  0.35365429  0.2841212  -0.61724325  0.68139009  0.78815336
  1.24912149  1.1342363  -0.53143768  0.12873142 -0.32408886 -0.15248809
  0.0047092   0.81682887 -1.57362298  0.4727803  -1.1469556  -1.50925554
  0.48182965 -0.13129005 -1.64147495  0.81746359  0.36939089 -1.61983755
  0.68721071 -0.13113542 -1.6058547   1.61449706 -0.98783106 -0.14307277
 -1.97028573  0.48364762 -1.29502488 -0.01639892 -1.21845486 -0.48303567
  0.77119809  0.0243718   0.21163828  0.77362806  1.53734344  1.74023147
  0.85322589  1.77139731 -0.55766753 -0.43921709  0.94611559 -0.30386443
  1.02963392  0.99601555 -0.38643906 -0.22573837  0.45379676 -1.03288714
 -0.66621901  0.83664872  0.31134018  0.71965078  1.25496914  1.01995687], Measures: [0.38287433 0.38594652]
