Elite 1: Fitness: -97.0, Solution: [ 1.39805913e+00  1.40383892e-01  5.44266730e-01  8.67525263e-01
  1.10292395e+00 -1.44238470e+00 -1.06600999e+00 -1.45413666e+00
 -5.57464992e-01 -8.71852218e-01  1.61093627e+00 -8.50133133e-01
 -6.78968025e-01 -5.80224940e-01 -1.23798248e+00  6.73269438e-01
  7.46608049e-01  7.72770972e-01 -7.88739356e-01 -1.36395987e-01
 -9.22707250e-01 -2.73179617e-01  1.55208679e+00  1.76674296e+00
  4.80952532e-01  5.11009369e-01  1.68741181e+00  3.45933165e-01
 -4.17144584e-01 -3.81108614e-01 -3.59220962e-01 -9.35998873e-01
 -8.39955037e-01  4.66860835e-01 -4.66331045e-01 -2.04323615e-01
 -3.61955437e-01  1.55228340e+00 -1.51009947e-01  7.76673481e-01
 -1.28123095e-02  1.39302382e+00 -6.04136228e-01  3.92296471e-01
  8.29803891e-01  4.85030736e-01 -6.43884899e-03 -1.39222650e+00
  1.32830407e-01  8.56643677e-04  1.51394510e+00 -8.74628833e-01
 -7.38682350e-01 -5.46885454e-01  1.42462673e+00 -2.69914218e-01
 -1.27516603e+00 -1.75374260e+00  1.59493002e+00  6.80899995e-01], Measures: [0.34195498 0.08235094]
Elite 2: Fitness: -97.0, Solution: [ 1.32681219  0.4159232   0.57463426  1.09918926  0.86834227 -1.71786417
 -0.89617601 -1.42314188 -0.41369987 -0.52930238  1.53995518 -0.72500605
 -0.45328727 -0.33430177 -0.75419368  0.2107476   0.81559911  0.45935614
 -0.24793819 -0.16895435 -1.17485619 -0.06832354  1.69213855  1.5962855
  0.99037688  0.93599332  1.51077311  0.64279913 -0.25573356 -0.90061485
  0.07463101 -1.04288363 -0.33308726  0.76110392 -1.41238913 -0.28066985
 -0.6841916   1.26190993 -0.57437871  0.19712888 -0.16493696  1.16235091
 -0.92792405  0.46150517  0.78356434  0.50656271 -0.49969581 -1.32374571
  0.12869273 -0.04316022  1.89836022 -0.76065253 -0.72950564 -0.38223951
  1.40512819 -0.22107871 -1.49365252 -1.84569389  1.02238573  0.97622709], Measures: [0.34163002 0.15209291]
Elite 3: Fitness: -97.0, Solution: [ 1.08466947  0.71008915  0.68127399  0.81934287  1.5292641  -1.78572697
 -1.26146523 -1.25740571 -0.51274502 -0.43269866  1.65759302 -0.72154512
 -1.47313374 -0.66927123 -1.18214707  0.33072251  0.51078608  0.5472956
 -0.78859076 -0.09027143 -1.96348874 -0.20627809  1.3378491   1.40850685
  0.9131309   0.68295547  1.68059307  0.39979847 -0.03376996 -0.83037087
 -0.14335941 -1.40867736  0.45731423  0.83656455 -0.64945991 -0.48669771
 -0.50572303  1.33695819 -0.30337049  0.31952332 -0.2077027   1.31039586
 -0.46951227  0.7579661   1.26085773  0.15629552 -0.2376035  -1.88859719
  0.07189038 -0.23296666  1.32287388 -1.48058926 -0.29078602 -0.7963044
  1.15932209 -0.46468223 -1.44487133 -1.39442     1.08970307  1.50035696], Measures: [0.4778576  0.17708295]
