Elite 1: Fitness: -103.0, Solution: [ 0.06002421 -1.69233997  0.39281529  1.69526     0.51006241 -1.36673123
  1.81101001 -0.56630439  0.01399289  1.04422119  1.41939048 -0.17894008
  0.84458283  1.30204983  0.28670351 -1.39008678  0.97304368  1.26943021
 -0.7812819   0.49788043  1.96700766 -0.5366058   0.02584861  0.26524861
  0.68951545  0.33266322  0.60045764 -0.87347227  1.16258479  0.07215161
 -0.12945303 -0.35615816  0.74722604 -0.89521667  1.81045655 -1.8921905
  0.55490376 -1.3230206   0.44860838  0.71506544 -0.01315726 -1.35960076
 -0.7945174   0.21115334  1.80757166  0.27987168  0.8787694  -1.22222413
 -1.84801157  0.76952906  0.32865845 -0.56378874  0.0646326   0.88757262
 -1.65766474 -0.74952024 -0.16667514 -0.49496803  1.79667773 -1.55621286], Measures: [0.53744327 0.36504849]
Elite 2: Fitness: -103.0, Solution: [ 0.71420575 -0.11969295  0.84056072  1.652277   -0.15622396 -0.93523283
  1.66933936 -1.31164814  0.83265668  0.43630943  0.03366125 -1.37227063
  0.61975375  0.77638998 -0.77306449 -0.07913131 -0.2562656   0.16358368
 -0.1691312   0.64893162  0.74137496 -0.94214202  1.69598157 -0.00925983
  0.97169429 -0.23600095  0.63709711 -1.05982914 -0.93645797  1.62840995
 -0.21461777  0.81921543 -1.48407124 -1.24512876  1.20429044 -1.79671057
  1.32006194  0.1786369  -0.57317312  0.84384939 -0.27958099 -0.6096638
 -1.01865097  1.27308861  1.49928595  0.49592567  1.74816873 -0.29268256
 -0.57770116 -0.14329937 -1.07978465  0.15843661  0.46567219  0.46999739
 -0.781965   -1.49425806  0.56406631 -1.25949816  1.28650375 -1.48330112], Measures: [0.65717791 0.29504109]
Elite 3: Fitness: -103.0, Solution: [ 0.2123004  -0.52220138  1.01271751  1.37043847 -1.04361871 -1.16217898
  1.95367109 -0.67756017  1.30938242  0.95567594 -0.5839466  -1.08036924
  0.54423621  0.41879089 -0.30689575 -0.809369   -0.04149753 -0.23520807
 -0.27290042  1.23147531  0.03203118 -0.2945072   0.6013816  -0.4811312
  1.98522954 -0.75542294  1.08585577 -1.06546666 -1.19748479  0.68474847
  0.19061683  1.12654568 -1.32032548 -1.1335695   1.00532942 -0.94016715
  1.9045346   0.70329127 -0.58249152  0.63943943 -0.82016745 -1.69184157
 -0.75808442  1.00156969  1.29699192  0.37176799  0.81153175 -0.4267077
 -0.6238659  -0.44400811 -1.08933649  0.25198438  0.30416375  0.72723781
 -0.95469917 -1.43375404  0.69536473 -0.38770643  1.69227706 -0.83150569], Measures: [0.61769835 0.38931353]
