Elite 1: Fitness: -103.0, Solution: [ 0.46746505 -1.33157839  0.26459145  0.24212906 -0.22733311  1.02966297
  0.76877917 -0.62779022 -0.0525688   0.09778856 -0.30013424  0.93670538
 -1.4404364   0.75838382  0.2776663   0.12296922  0.04389279  0.51573508
 -0.65010014  1.0397873  -0.45932494  0.20201859 -1.21626257  1.22530051
 -0.2779927  -1.09531043  1.02548082 -0.50067742  0.63085411  0.71302405
 -1.10076055 -1.10699176 -0.59300727  0.77900077  1.28432409  0.93172274
 -0.00649512  0.38618334  0.12670264  0.64772228  0.20929762  0.45093072
  0.24217068  0.36966927  1.20753907  0.06055131  0.60208244 -0.88169898
 -0.19647913  0.87745647 -0.37315828 -0.20546053 -0.35121575 -0.15855639
 -0.58588593 -0.69290387 -1.23846378 -1.21183108  0.24802327  0.49624098], Measures: [0.30907593 0.1370421 ]
Elite 2: Fitness: -104.0, Solution: [ 0.38702733 -0.7606685   0.43508927  0.96786042 -1.13348509  1.01573366
  0.82268893 -0.54283957  0.31239691  0.14185325 -0.85332729  0.58083473
 -1.15942804  0.22775043  0.61533141  0.63605938  0.17579483  0.77675857
 -0.78733214  0.54489296 -0.31628376  0.03487715 -0.94050753  1.03450129
 -0.54486926 -0.58011181  0.89997059 -0.3449836   0.8600779   0.92906782
 -1.00818072 -1.21439221 -0.88310839  0.32521919  0.93978307  0.17424362
 -0.15607927  0.59177107 -0.21168569  0.61651063  0.30928011  0.30320559
  0.67520544  0.2698494   0.56784141  0.53110262  0.79316887 -0.75619876
  0.06309144  0.75722169 -0.7797708   0.55825452 -0.52839863 -0.22275726
 -1.34977902 -0.05426937 -1.17772784 -0.92945933  0.55658103  0.0773932 ], Measures: [0.38493929 0.08926238]
Elite 3: Fitness: -104.0, Solution: [ 0.51296171 -0.56955662  0.36857606  0.96294603 -1.13150598  1.0686639
  0.61580029 -0.74612329  0.34595926  0.1739065  -0.8061642   0.63206636
 -1.1215693   0.12596416  0.63955909  0.82701735  0.25754781  0.7906872
 -0.73298758  0.59185391 -0.28673012  0.02036266 -0.87274174  1.05858377
 -0.4749139  -0.602769    0.80071509 -0.20084824  0.81431677  0.83100728
 -0.96395821 -1.21578785 -0.93556736  0.53557642  1.0099813   0.01242159
 -0.21399796  0.62440832 -0.33765716  0.51455083  0.32519837  0.34229889
  0.67961727  0.38882489  0.64949864  0.52805201  0.8475682  -0.82032425
  0.07425985  0.6629751  -0.78200313  0.54167336 -0.53396215 -0.28130223
 -1.24314295 -0.25024683 -1.22980693 -0.82970265  0.456946    0.01878976], Measures: [0.40075564 0.09934738]
