Elite 1: Fitness: 259.3862571129544, Solution: [-0.02943192 -0.67084385 -0.49924339 -0.33073232  0.95452941 -0.95707759
 -1.17380578  0.46398446  0.59372256  0.3786898  -0.58421679  0.07961146
  0.42142872  0.58234152 -1.50627106 -0.76813512  1.03421832  1.228644
  0.53015063  0.70949632  0.37469627  1.00951517 -0.68943716  0.14748557
  0.73210436  0.12609474  0.53553498 -1.54371589  1.7175778   0.8479792
 -0.78503147  0.49173733 -1.00630667 -0.89674629  0.82247477  0.20568686
 -0.16162322  0.37115299  0.30030073 -0.53333564 -0.71279844 -0.63251694
  0.18737247 -0.98943934 -0.4695531  -0.40788641  0.41160112  1.74196289
 -0.44914818 -0.27882365  0.59858913 -0.27395139  1.41354913 -0.23319427
  0.75378024  1.55759797  1.71177709  0.01102465 -0.58661529 -0.14570543
  0.20261747  0.53529652 -0.8624952  -0.62187507 -0.80660467 -1.83446519
  0.0735419  -0.25901062 -0.62822033 -0.14354431 -1.57394225  1.26822788
  1.62835053  0.1664554  -0.20157662 -0.64736782 -0.76856231 -1.16282545
  0.8168293   1.55570154 -0.98533998  0.68121515  1.49816354  0.85117303
  1.12527744 -1.55221853  0.92657818  2.        ], Measures: [0.69208641 0.57035882]
Elite 2: Fitness: 258.56951996501107, Solution: [ 0.1978757  -0.44894045 -0.59798534 -0.45697731  0.92132517 -1.13107128
 -1.2611718   0.61038275  0.10335166  0.7887288  -0.38426521 -0.25906857
  0.33518561  0.30821737 -1.25916008 -1.08061759  0.29552799  1.45797217
 -0.66902771  0.55708995  0.57126967  0.81323253 -0.12112582 -0.55882883
  0.16779818 -0.8884511   1.08220745 -0.66961959  1.72341496  0.62907448
  0.04053762  0.56975423 -0.25352635 -0.57080928  0.94913973 -0.38143496
 -0.20021546  0.15175617  0.69091732 -0.32648228 -0.45355955 -0.08778051
 -0.52179636 -0.28025383 -1.02499262 -0.15809007  0.75601466  1.57785103
 -0.93760057  0.00814344  0.1021519   0.17621985  1.76502247  0.17654688
  0.24282844  1.34748945  1.63996583 -0.38574845 -0.95882301  0.11222959
  0.18600104  0.61608058 -1.5174047  -0.52768961 -1.37060877 -1.21289239
 -0.28022579 -0.48697003 -0.92258581 -0.52743255 -1.29048334  1.0151052
  1.20833151 -0.24870709 -0.36319965 -0.30980812 -1.24355074 -0.91777563
  0.51433837  1.65416278 -0.68998797  1.13600157  1.11736396  0.92165174
  0.95464566 -2.          0.99509385  1.53781502], Measures: [0.40721036 0.55065991]
Elite 3: Fitness: 258.28634534398566, Solution: [-0.24154412 -0.62436431 -0.50789092  0.30126637  1.04358    -0.7672302
 -0.81728625  0.64763404  1.27506186  0.29203723 -0.5487397  -0.55005625
  0.52019557  0.62070553 -1.52298655 -0.74112749  0.28370793  1.11034385
  0.75895644  0.78242392  0.58945152  0.71416888  0.10341448  0.64409093
  0.85067359 -0.42540672  0.06011038 -0.11072982  1.6670931   1.1140398
 -0.81070941  0.35970895 -0.39024297 -0.4379048   0.98183844  0.33220738
  0.38388984  0.26207775  0.52107553 -0.62338703 -0.31690128 -0.85178053
  0.11679207 -0.59434944 -0.78072986 -0.87209858  0.31272798  0.79418732
 -0.5078373  -0.61151287  0.48793399 -0.94140362  2.         -0.34357072
  0.24192257  1.72593355  1.49192742  0.50077059 -1.19547727  0.03242846
 -0.287059   -0.16518007 -0.92188229 -0.42071117 -0.03419406 -1.61635918
  0.74970369 -0.47834689 -0.41178423 -0.25956159 -1.42182991  1.37309005
  1.23781341 -0.70938803 -0.6093172  -1.31593969 -0.25177965 -0.23313624
  1.13578703  0.80011114 -0.85673866  0.20125409  1.17659501  0.63166136
  1.12092271 -0.74240989  0.78252147  1.61451935], Measures: [0.67532209 0.41111659]
