Elite 1: Fitness: 273.96557736689306, Solution: [-0.27482665 -0.83187855 -0.91534866 -0.08830646  1.27726976 -1.12928325
  1.30844813  1.80913999 -0.1297759  -0.10343677 -1.2276238   0.95760971
 -1.57206469  1.30153622  1.36154861  1.01326482  0.39013003  0.55594213
 -0.25864363 -0.43189936 -1.06994176  1.15993566  0.04568069 -0.57610181
  0.43188038 -0.62724684  0.40894599 -0.09722805 -0.21902438  0.43569127
  0.11228941 -1.28037686  0.39990363 -0.9698238  -0.15616213  0.96344466
  1.33875028  0.23205134  1.32737098 -1.11696317  1.1475307   1.3565555
 -0.2756337  -0.55450182  0.16182873 -0.64047055  1.37678614  0.06466554
  0.04046712  0.94314371 -1.3069542   1.31536057  0.58601958 -1.24196775
  0.06786824  0.30590291  1.19810173  0.86253585  0.21906199 -0.71256032
  0.4396333   1.29831517  1.20703598 -0.5466372  -1.05494729  1.20762242
  0.8769049  -0.23932834 -0.17117663  0.42973616  1.49057817  0.55830868
  0.23739863 -0.87491272  0.68475079  0.04436344  1.40262504 -1.51642703
  1.58003452  1.31470672 -0.8767237   0.24078611 -1.51418003  1.03332693
 -0.73829046 -0.40034013  0.59822277 -0.55571988], Measures: [0.21352598 0.76167359]
Elite 2: Fitness: 273.44660684661727, Solution: [-0.25838726 -0.73582278 -0.88965423 -0.17970803  1.29248546 -1.56552495
  1.64645023  1.70351637 -0.23170768 -0.29861552 -1.26489042  1.11595553
 -1.7030477   0.98271208  1.75447834  1.27323252  0.83047612  0.08300724
 -0.35164977 -0.84848958 -1.38233896  1.50150982  0.20681121 -0.37218819
 -0.04551166 -0.71385825  0.084434    0.14693587  0.51035479  0.64595655
  0.04085089 -1.09639439  0.30575635 -0.9342334  -0.21677815  0.57262916
  1.07762278 -0.28068585  1.23101821 -1.18321734  1.11430008  1.36321743
  0.05656898 -0.62701283 -0.3098306  -1.0909455   1.0035032   0.10595508
 -0.13206529  1.24862704 -1.82864514  1.36712555  0.51641119 -0.91676414
 -0.37241041  0.27520971  1.28446462  0.7174158   0.17116488 -0.587272
  0.6452117   1.09320929  1.06299549 -0.19093896 -1.37863909  1.4434205
  1.36407597 -0.77528696 -0.51516416 -0.04070928  0.88146061  0.87712074
  0.39258831 -0.67004099  0.57757488  0.1212108   1.56249505 -1.4020063
  1.57634143  1.3142611  -0.72047713  0.14239317 -1.56509833  0.98186002
 -0.75092999 -0.1857606   0.860069   -0.99330785], Measures: [0.29198731 0.9329291 ]
Elite 3: Fitness: 273.431980771639, Solution: [-0.190448   -0.97265875 -1.12364415 -0.13169456  1.45029022 -1.73730398
  1.77373262  1.62411655  0.09669682  0.34833007 -1.09965871  0.88042568
 -1.61154419  1.3368052   1.80668682  1.2032102   0.39463554  0.55229325
 -0.62649229 -1.09869322 -0.87033965  1.30128218  0.35772151 -0.77142317
 -0.13588437 -0.5146081   0.64979224  0.35517788  0.12178698 -0.15043064
  0.79282621 -1.27512435  0.87415148 -0.87601855  0.31768181  0.54633167
  1.5301181   0.25148089  1.1200303  -1.2654768   1.3123272   1.3156168
  0.12751458 -0.64055489 -0.50034431 -0.84467979  1.42056175  0.08792483
 -0.34050017  0.66356833 -1.59471849  1.51311984  0.52060847 -1.60809104
 -0.29118406  0.66882341  1.62935352  1.02608777  0.06505875 -0.77850047
  0.72744752  0.9333353   1.07985305 -0.61110636 -1.69218429  0.93352182
  1.38690046  0.01747004 -0.5834867   0.27225705  1.50186036  0.80662594
  0.29679412 -1.08041252  0.56990009  0.29070877  1.1838991  -1.7228879
  1.13872062  1.72340296 -0.51025803 -0.15170741 -1.75123341  0.79360432
 -0.89801706 -0.15593902  0.57245873 -0.94165979], Measures: [0.32853878 0.94573413]
