Elite 1: Fitness: 500.0, Solution: [-0.39780523  0.8600591   0.62726368  0.65781395  0.28623919 -0.45839124
  0.51318391  0.36305364  0.02614522  0.91075263 -0.99104476  0.98188819
 -0.24590879  0.63544521 -0.99912562  1.02745137 -0.02346712  1.03580186
  0.54776032  0.9497651   0.79641453 -0.75771175 -0.79823466 -0.08894978
  0.1753497  -0.45816757 -0.68128821  0.45874579  0.19341472  0.52062621
 -0.50270809 -0.88383286 -0.67493654  0.72802129  0.83198812 -0.72106941
  0.08519024 -0.66837315 -0.5447238  -0.96981515 -0.08175725 -0.32657352
  0.24957394 -0.35443469], Measures: [0.06329658 0.1358454 ]
Elite 2: Fitness: 500.0, Solution: [-0.32375701  0.98427256  0.58151358  0.5693284   0.19685654 -0.25187275
  0.59319748  0.32122693 -0.06945668  0.7339541  -0.98624809  0.63932958
 -0.3438126   0.68143993 -1.01316254  0.88703367 -0.35836665  0.93516678
  0.42475461  0.86270321  0.67361971 -0.67978879 -0.75637553 -0.01147657
  0.21169623 -0.43004497 -0.78028386  0.54064906  0.27572166  0.4056703
 -0.63147791 -0.91247233 -0.61430111  0.66393976  0.80082326 -0.54530147
 -0.1367197  -0.68808033 -0.57632421 -0.88885021  0.26434101 -0.40246574
  0.04583838 -0.47485631], Measures: [0.15370507 0.09515498]
Elite 3: Fitness: 500.0, Solution: [-0.57768414  0.59881511  0.55214991  0.8307956   0.10779599  0.10186895
  0.82964357  0.48568278 -0.03377448  0.77593573 -1.04349763  0.70805578
 -0.21112427  0.49711149 -0.85330796  1.12392118 -0.02316375  0.64171147
  0.78031231  0.94292137  0.80059312 -0.53102945 -0.84276612 -0.17623844
  0.37117463 -0.50940623 -1.25670535  0.2527286   0.13772361  0.45158425
 -0.48931655 -0.87683311 -0.70096526  0.58251883  1.01782877 -0.70257884
 -0.17311455 -0.58743879 -0.640714   -0.63515686 -0.07867651 -0.2155905
  0.23148393 -0.27952106], Measures: [0.15689075 0.11097391]
