Elite 1: Fitness: 500.0, Solution: [ 0.01525902 -0.14319388 -0.29957023  1.02442701 -0.13280145 -0.75439147
 -0.55887416 -0.34629671 -0.70607203  0.9073125  -1.12809744 -0.75735676
 -0.05656397  0.04181206 -0.99282626 -0.25459129  0.21728024 -0.64978815
  0.27928431  0.2077273  -0.47958874 -0.35444011 -0.30231353 -0.70982645
 -0.58536414 -1.01793444  0.29141711 -0.87320424 -0.69680553  0.61413535
  0.83739412  0.16771306 -0.22506184 -0.19295931  0.57507016 -1.03020363
  0.51026023 -0.7424359   0.7162675  -0.26427756 -0.07449945 -0.41306386
 -0.56174803 -0.10053401], Measures: [0.05111142 0.06733135]
Elite 2: Fitness: 500.0, Solution: [ 0.25509052 -0.91562691 -0.60167844  1.10797814  0.16200775 -0.06844339
 -0.46858504 -0.48909154 -1.68815428  0.79287254 -1.62852118 -0.03838833
 -1.21355828 -0.39569789 -0.70718976 -1.01142107  0.01769106 -0.37506855
 -0.0559782   0.69673144 -0.36790105  0.58852048  0.11994278 -0.50099763
 -0.54626191 -1.18200237  0.26858687 -1.42508541 -0.66251354  0.14001412
  0.51137854 -0.08692485  0.04907171 -0.65305592  0.61866007 -1.55860245
 -0.56758003 -0.52896396  0.93174202 -0.26192406  0.09227589 -0.52737804
 -1.12290385  0.10901356], Measures: [0.13184681 0.09402972]
Elite 3: Fitness: 500.0, Solution: [ 0.62886137 -0.57722159  0.30096401  1.04969305 -0.14737038  0.14716178
 -0.45027157 -0.08263671 -0.16710549  0.82542285 -1.54248637 -0.71599743
 -1.50202007 -0.82616264 -1.88793849  0.36669621  0.74393733 -1.0557502
 -0.74141122  0.78553529  0.43449322  0.45440572  0.2155804  -0.85537362
 -1.11695827 -0.52847974  0.51933034 -0.82024826 -0.12747093 -0.03020561
 -0.96398015 -0.41329991  0.90074929  0.19284963  1.00620981 -1.14046372
 -1.2897307  -0.10304524  0.90768144 -0.8193801  -0.17727083 -0.27096394
 -1.39073272 -0.05500167], Measures: [0.19226441 0.18096234]
