Elite 1: Fitness: 500.0, Solution: [-1.13322442  0.81501255 -0.16791651  0.92363048  0.51725809  0.8603258
  0.52204974 -0.8847255   1.06805105  0.23369252 -0.45960809  0.68137957
  0.08830598 -0.97703857 -0.57833574 -0.3632012  -1.26115141  0.67907778
  0.42012364  0.37793581  0.5371634   0.18813624 -0.116026    0.96700465
  0.85025701  0.64303627  0.9600627  -1.00510622  0.34189238  0.91498501
 -0.27785485  0.54986503 -0.68033419  0.14267666  0.42827957 -0.50753497
  0.23140384 -0.78156442  0.92762987  0.34186762  0.26044102  1.10704162
 -0.26584607  0.00456104], Measures: [0.07411684 0.05375552]
Elite 2: Fitness: 500.0, Solution: [-1.0258509   0.95927113 -0.25942889  0.75880916  0.43764808  0.52082463
 -0.04158631 -0.46861006  1.07588022  0.11044679 -1.23275581  0.6457075
 -0.12621263 -0.725459   -0.5116805  -0.26740436 -0.71473821  0.81948739
  0.23512892  0.4681433   0.7855775  -0.32808979 -0.07202713  0.96624071
  1.12010806  0.80912282  0.80265454 -0.87200732  1.08967693  0.91485281
 -0.13164061  0.16217063 -0.22854464 -0.1635589   0.10628362 -0.18573914
  0.21577046 -1.19368623  1.20370693  0.04959693  0.37979951  0.75204701
 -0.1223626   0.13912344], Measures: [0.06705369 0.12201601]
Elite 3: Fitness: 500.0, Solution: [-0.94110962  0.8077641  -0.29244709  0.61448661  0.80299039  0.39982316
  0.09563628 -0.57496072  1.21726028  0.59959652 -0.68082968  0.43592132
 -0.27139984 -1.1401267  -0.91813531 -0.11742775 -0.8046984   0.64152695
  0.28500602  0.15903027  0.93325266  0.08309291 -0.44024799  0.92145044
  0.63579792  1.01387444  0.8739472  -1.18922867  0.55467884  0.77026173
 -0.50120257  0.47513654 -0.46133418  0.0904945   0.57023824 -0.49523574
  0.26267901 -0.62224426  0.54872697  0.41782346  0.23292569  0.97974091
 -0.20834944 -0.2267226 ], Measures: [0.14377584 0.0561202 ]
