Elite 1: Fitness: 297.8760208732292, Solution: [ 0.02292414 -1.39158393  0.92631548 -0.18688209 -1.42976242  0.32192843
 -0.60019193 -0.68263942 -1.06101327  0.66602544 -1.1652396   1.05701676
  0.79243702 -0.61679979 -1.7568183   0.41203465 -0.37884551  1.18304071
 -0.63875453 -0.40480923 -0.18088028  0.20433581  0.7943056   0.31037001
 -0.09780489  0.37717562  0.59791949  0.09746277 -1.09067442 -0.1204592
  0.8921518   0.47832041 -0.58978499 -0.15542682  0.82305815 -1.02174307
  0.77102375  0.85909506 -0.03209529 -0.55334797  0.1330395   0.43578194
  1.33474338 -0.21279414  0.70504378 -0.82136881 -0.37100451 -1.15719035
  0.51973761  0.76324309 -0.67366055  1.44068924 -0.20208438  0.17072357
 -0.81069599  0.29462257  0.37954597 -0.39484476  1.03730743 -0.65896601
 -0.37883304  1.31509437  0.16776313  0.34225591 -0.45108819  0.23763072
 -0.0828675  -0.35650093 -0.51993831  0.57272051 -0.91332886 -0.41049061
 -0.77688816 -0.19037405  0.91672557  0.1324581   0.01896301  0.20082904
  0.34160405 -0.90785827  0.38294839 -0.20346972  0.30697255 -0.06772911
  1.33281957 -1.43613727  0.27098359  0.66919082], Measures: [0.6458669  0.18524074]
Elite 2: Fitness: 297.8760208732292, Solution: [-0.28374774 -1.51498722  1.06822585 -0.32545158 -1.04745504  0.56565606
 -0.75495761 -0.80809234 -1.13773162  0.30886583 -0.78992367  0.810245
  1.03217204 -0.25937363 -1.57297158  0.40823317 -0.00400259  1.02926321
 -0.16772924 -0.43882994 -0.04111113  0.74694124  0.89264422  0.32436386
 -0.29104846  0.48254076  0.80451163  0.05371529 -0.98381584 -0.15357205
  0.44001969  0.65451603 -0.25201073 -0.25892386  0.48547596 -0.88825557
  0.45713277  0.77087373 -0.06378997 -0.35004416  0.33030003  0.51777288
  1.41716437  0.13054605  1.08186385 -0.84964189 -0.23424016 -1.38965927
  0.59188834  1.17438131 -0.93891742  1.13503751 -0.1797526   0.00781094
 -0.7729301   0.21655396  0.13667242 -0.52596801  1.18128139 -0.66273086
 -0.52531702  1.13296603  0.06318869  0.07102224 -0.10804188  0.3489452
  0.08254146 -0.45078839 -0.563425    0.53221259 -0.97231796 -0.26141705
 -0.55323997  0.25176323  1.02144296  0.45669213 -0.11195663  0.27818385
  0.54380121 -1.08181594  0.27589443 -0.24040994  0.36139827 -0.12109003
  1.12125276 -1.51414318 -0.22081561  0.99875566], Measures: [0.58232977 0.20975373]
Elite 3: Fitness: 297.77123263620786, Solution: [ 0.00957784 -1.1547546   1.07591747  0.20710184 -1.01420434  0.88463066
 -0.50029331 -0.90158112 -0.8247135   0.27683718 -0.83173682  0.79335118
  0.72236931 -0.80582622 -1.1150584   0.16185676  0.07988562  0.75539817
  0.17660527 -0.08271578 -0.00872807  0.78898383  0.90648628  0.00410545
 -0.65083525  0.72623717  0.52768878  0.34210564 -0.79074051  0.03335885
  1.10009742  0.65307305 -0.85957483  0.04379501  0.6605637  -1.06194768
  0.50720761  0.7418809  -0.17385334 -0.38559548 -0.01280317  0.53836341
  1.00795667  0.12813912  0.61521707 -0.74312544 -0.34797425 -0.95873171
  0.97672805  0.71760169 -0.60545598  1.18890384 -0.24596172  0.06378249
 -0.67391917  0.40312844  0.03743781 -0.59940029  1.02882495 -0.39894029
 -0.65168475  1.08574527  0.4074562   0.26641464  0.07468342 -0.08526644
  0.29191083 -0.53709286 -0.11408654  0.45293924 -1.21599882 -0.31648961
 -0.82158621  0.42112025  0.86910956  0.30893573  0.00693033  0.33823789
  0.134932   -1.05861434  0.16506206 -0.27985137 -0.41074823 -0.57650181
  0.91003558 -1.09093472 -0.26956276  0.41129349], Measures: [0.45543383 0.17509567]
