Elite 1: Fitness: 297.8242197989166, Solution: [ 0.04716996  0.79768366 -1.11462971  1.83974468 -0.39322862  0.90777471
 -1.61975582 -1.18829751 -0.8307901   0.33290852  1.59195138 -0.90552811
 -0.83760188 -1.68045738  1.73749944 -1.965444   -1.34248735  0.01964732
  0.92494494  0.17665123 -0.86883878 -0.85863368 -1.807735   -0.2930589
 -1.56326632  0.48805137 -1.59336362 -0.7759179  -0.67190504  0.88577509
 -0.79417001  0.07193341  1.0196179  -0.5038434   1.81521175 -1.73342908
 -1.62577617 -1.11234616 -1.90118487  1.34389142  0.76653604 -0.12056339
 -1.15113775 -1.32238188  0.45332742 -0.07621351 -1.31739048 -1.8814369
 -1.59153528  1.94678732  1.83094614 -0.46806462 -0.86390146  1.08598148
 -1.71538263  0.47808073 -0.73461279  0.09570024  1.43773985  0.02481655
 -0.30324732  1.61270475 -0.6256774   0.24193126  0.48132481 -0.07337245
 -1.04845987  0.19972876 -0.44373957  0.77441642  1.25008904 -0.26160593
  0.8116535   0.97420288 -1.20641362 -1.93982923  0.87821684  1.73643063
 -0.53179682  1.77838893 -0.04393192 -1.27885188 -0.56332373 -1.76982659
 -1.76880207  0.99865023  0.34930283 -1.25786926], Measures: [0.70562723 0.68731468]
Elite 2: Fitness: 297.69440988140826, Solution: [-0.24113443  0.88918508 -0.88150492  1.20087574 -0.78951774  1.19431039
 -1.88957858 -0.73170692 -0.70145731  0.27569839  1.23159868 -0.49070886
 -0.62470932 -1.69597499  1.5053693  -1.88639507 -1.56917242  0.34604364
  0.89622395  0.17593494 -0.51717643 -0.95285518 -1.65942496 -0.725937
 -1.86920037  0.40349446 -1.20348366 -0.32992857 -0.95150548  0.9287294
 -0.84709231  0.61341157  1.22795869 -0.70772408  1.77719829 -1.71499184
 -1.52871362 -1.01786966 -1.75305525  1.36989839  0.3357079  -0.24283445
 -1.3065636  -0.64198272  0.82962381  0.14454018 -1.35477304 -1.68277268
 -1.29249209  1.34557693  1.82949343 -0.16579415 -1.27848307  1.52018716
 -1.8880031   0.6875693  -0.55632136 -0.26796914  1.65950439 -0.05118273
 -0.28120986  1.55388648 -0.61056564  0.38240584  1.21056763  0.21009885
 -0.68902203 -0.12005904 -0.60093421  1.16264811  1.22167749 -0.41414934
  0.77222782  0.93735824 -1.27150152 -1.32730425  0.50169564  1.64876732
 -0.29910179  1.56238171 -0.08798911 -1.07872437 -0.34753353 -1.8511889
 -1.79993781  0.64759486  0.22608518 -0.803424  ], Measures: [0.65256239 0.53119075]
Elite 3: Fitness: 297.6710203922511, Solution: [ 0.30461714  0.54150887 -0.47097288  1.4205103  -0.74736942  1.24567747
 -1.86574464 -0.91750244 -0.55114765  0.49471806  1.27669585 -0.18146294
 -0.60830412 -1.95721158  1.36576701 -1.35921407 -1.26768278  0.28284395
 -0.219196    0.3564187   0.00285719 -0.3592001  -0.91977292 -0.89135923
 -1.80343338  0.96520603 -1.21020529 -0.79280238  0.11648067  0.6325244
 -1.30857221 -0.42663795  0.36180005 -0.38044149  1.88367178 -1.58080083
 -1.18423115 -0.0385956  -1.38880446  1.11187466 -0.95476523  0.86321676
 -1.84599393 -1.02527567  0.11542546  0.60982572 -1.2944994  -0.79098512
 -1.21488851  1.26165207  1.27298071  0.55301884 -1.58146653  1.53204517
 -1.89291417  0.85593194  0.06201586 -0.25091823  1.62899516 -0.50802271
  0.28931703  1.71970235 -0.72652919 -0.59099908  1.46790473  0.96071839
 -1.16683589  0.04026398 -0.0248446  -0.06439482  1.72619285 -0.90674557
  0.16832492  1.50221269 -0.99202248 -1.24947962  1.17372564  1.94559149
 -0.6394099   0.89454356  0.64319628 -1.01553937  0.3899679  -1.85744443
 -1.29109069 -0.43750876  0.58703192 -1.06340469], Measures: [0.65935398 0.36511508]
