Elite 1: Fitness: 284.82561891012415, Solution: [-1.08705487  0.35530429 -0.31471251  0.27593595 -1.92041861  1.089713
 -1.34556584 -0.57014735 -1.10380713 -0.55048726 -1.00902902  0.27394871
  0.31955001 -0.89446692 -1.39060373 -1.35080676  0.21475417 -1.04648361
 -0.12111339  0.1731185  -0.00974552 -0.1536438   0.2887868   0.93952806
  1.56429959  0.03246492  0.62572857  0.60653106  0.06363323 -0.53839958
 -1.01185043  0.77711838  0.34270467 -0.01412917 -1.66057953  0.96439564
 -1.41405383 -1.01350211  0.48959236 -0.90116346 -0.45568479 -0.7890183
  0.46814197 -0.49977533 -1.23339192 -0.6567441   0.56868877 -1.40010871
 -0.12940552  0.87953152 -1.09690977 -1.11473514 -0.45071503 -0.60614749
 -0.33718155  0.04068656  0.48627028 -1.13410497 -0.30545634  0.53655533
 -0.16602455  0.38520736 -1.30937604 -1.27615491 -1.5787892   0.60668889
 -1.44376506 -1.51555789  0.79769321  1.61349545 -1.13288606 -1.26713695
  0.5747426   0.86732737 -1.10092159 -1.11732491  0.95116977  0.60818052
 -1.46356263  0.03120305  0.25423322 -0.79889021 -0.45589526 -0.43626318
  1.54992598 -1.44301102  1.33528296 -1.38876503], Measures: [0.3417809  0.56028888]
Elite 2: Fitness: 277.6405707803867, Solution: [ 0.24534284  1.37351083 -1.57993764  1.07035078 -1.4416166   1.23593713
  1.61647435 -1.5302846   0.22601118  0.49196342 -0.86627086  0.78158906
  1.616818   -0.5338964   1.629171   -1.7896124  -0.78569283  1.30842746
  0.86451977  0.19173652 -1.3788515   1.08835682  0.0104649   0.87643305
  0.52175413  1.66599831  1.12435384  1.26196216 -0.34572856 -1.27998336
 -0.00885029  0.16186271  0.5780404   0.06639752 -1.11894708 -1.07336054
 -0.69704958 -0.12621751  0.55418061 -0.95783085 -1.64825204 -1.67773313
 -1.34274078 -0.00591918  0.70539221  1.12462271  0.1490359   1.18985
 -0.50901639 -1.13132263 -1.7115377  -1.4757941  -1.16121897  0.11858382
 -0.1903302   1.26446791  0.1345291   0.78204312  0.11974773  0.12029428
 -0.96500264 -0.95417949 -1.48706991  0.3450709   1.09847045 -1.61811356
 -0.8676763   1.29641168 -0.26718995  0.69987281 -1.43558153 -1.54060942
 -0.98339351 -0.84611933  1.13736181  0.28707602  0.23949873 -0.2320941
 -1.08558801  1.45804315 -0.40135122  0.39916309 -1.64774183 -1.24455836
 -0.24304856 -1.41732819 -0.56064433  0.25970171], Measures: [0.3890787  0.94546646]
Elite 3: Fitness: 276.4024621709515, Solution: [-1.2603711   0.73793086 -0.23539155  0.31307251 -1.83540097  0.6527574
 -1.75849679 -0.35957407 -1.30102141 -0.28525303 -1.00799699  0.09400355
  0.07666065 -1.04276419 -1.51928141 -1.34304353  0.64124581 -0.94610988
  0.06151659 -0.34876207  0.21007998 -0.52375209  0.40536651  0.85073435
  1.6524361   0.46748519  0.57260461  1.30473734  0.56037522 -0.89335363
 -0.92176572  0.61680006  0.64796334 -0.31105967 -1.29828594  1.69487888
 -1.56546444 -1.36946687  0.24568813 -0.86988347 -0.66623731 -1.1669159
  0.34004897 -0.65814688 -1.37980938 -0.47267466  0.90401446 -0.90628224
 -0.08072744  1.48667812 -1.86225814 -1.25876933 -0.50322553 -0.48054396
  0.0208956  -0.35021808  0.41596866 -1.56013438 -0.8130088   0.36949589
  0.43288642  0.44570582 -1.65995839 -1.32993783 -1.44529054  0.74846045
 -1.69104965 -1.03305504  0.45567048  1.39075441 -1.69219975 -1.39310695
  0.25878886  1.20685082 -0.90321642 -0.09549936  1.12135449  0.73248121
 -1.10801224  0.15078687  0.07083435 -0.47533247  0.35567295 -0.42739324
  1.3333808  -1.61485859  1.62076569 -1.74169258], Measures: [0.19178776 0.80858958]
