Elite 1: Fitness: 500.0, Solution: [-0.44509344 -0.78794164 -0.48885823  0.06749481  0.47623273  0.01157151
 -0.34364641  0.39738323  0.19319493 -0.28437698 -0.60504868  0.83242285
 -0.18814509 -0.63622482 -0.47164457  0.68989177  0.6667565   0.90394818
  0.34361826  0.34897409 -0.09388167  0.76979849  0.54619906  0.66882323
  0.20699609  0.67738655  0.85114905 -0.18300295 -0.30786014  0.19627267
  0.89986882  0.84804186 -1.07702998  1.41825871 -0.24736482 -0.28192555
  0.69933122  0.40632338 -0.46835038 -0.35683073  0.41212983  0.19022716
  0.04296419  0.14424113], Measures: [0.08372277 0.0359744 ]
Elite 2: Fitness: 500.0, Solution: [-0.59452701 -0.69820636 -0.15384675  0.33896688  0.96391438 -0.25758729
 -0.16659147  0.48368663  0.11674634 -0.3584338  -0.74558806  0.88854098
 -0.24539883 -0.61654147 -0.32644309  0.51852573  0.63281613  0.75486339
  0.38212131  0.73302806 -0.05493173  0.9009387   0.39425378  0.98204098
  0.43955531  0.48049472  0.60940421 -0.18029291 -0.78418479  0.45240019
  0.86447377  0.67597723 -0.80139607  1.11630799 -0.42060151 -0.17581715
  1.07095118  0.00470197 -0.46002146 -0.51918308  0.30618564 -0.12202418
  0.04013896  0.25965279], Measures: [0.06310816 0.05185093]
Elite 3: Fitness: 500.0, Solution: [-0.48303776 -0.74944474 -0.066269    0.19683199  1.09237475 -0.39651029
 -0.07733604  0.28889196  0.02882012 -0.53632877 -0.3677334   0.61834052
 -0.31688076 -0.73863729 -0.64323775  0.36893122  0.55602442  0.88875855
  0.66478034  0.5664416  -0.12589934  0.95138374  0.41216731  1.0549216
  0.45463607  0.39356233  0.63804626 -0.09159221 -0.71052531  0.40855906
  0.65808371  0.58551198 -0.70467947  1.04202825 -0.36898912 -0.02908675
  1.09062094 -0.16780143 -0.43689205 -0.5372538   0.27192638 -0.03171734
  0.02217229  0.26383255], Measures: [0.1236475  0.03272972]
