Elite 1: Fitness: 238.5773848986655, Solution: [-0.05198701  0.84894375  0.20115734 -0.44308134  0.14078314  0.14539219
 -0.04674662 -0.45621767  0.47034061  0.00974204  0.30525773 -0.9756168
  1.26087184  1.06726928 -0.11650293  0.6009602   0.972531   -0.12585054
  0.00230247  0.01505186 -0.65640775  0.24420935  0.46428357  0.14561947
  0.34420551  0.06052251  0.19490408 -1.65397349 -0.68302901 -0.57815544
 -0.72123906  0.43809036 -0.57695658  0.26066698  0.72153213 -0.30800258
  1.25598031  0.44781695  0.16079991  1.10789819 -1.0954292  -0.28031826
 -1.06237056 -1.48850567  0.07719685  0.15212119 -0.38476174  0.50492519
 -0.36579698 -0.57300109  1.23060982  0.99955208 -0.41040481  0.88434598
  0.38642798  0.65990331  0.86740504 -1.04026769  0.02005928  0.59740459
  0.38694909  1.30620178 -0.12258825 -0.90107745 -0.36108953 -0.75337935
 -0.13666537 -0.96412279  0.43560985 -0.16970927 -1.40676715  0.15456836
 -0.64934846 -0.8292485   0.63160658 -1.18406709  0.51668849 -0.56768773
  1.11042454 -0.7082348  -0.74194137 -0.1252659  -0.11509819  0.67868584
  0.0628919  -0.8381062   0.15046842  0.44120628], Measures: [0.39135303 0.09696443]
Elite 2: Fitness: 233.47937590345214, Solution: [-1.97830752  1.22701919  0.24784528 -0.41256561  0.08180186  0.36459866
 -0.97190065 -1.26597329  0.45089794  1.02073425  0.29426909 -1.12281898
  1.69408432  0.65080501  0.1036777   0.18380737  0.38135923  1.11328272
  0.0805022  -0.38379056  0.10694093  1.42758681  1.23031656  1.04654374
  0.29789554  0.0863331   0.0092641  -0.17683194 -0.23171239 -0.85191979
  0.18061215  0.31246411 -1.23561116  1.22061963  0.66998848 -0.53707697
  1.64764137  1.66110428  1.4150982   0.65610231 -1.39491172 -1.16935674
  0.03756545 -0.48715122 -1.6710572  -1.51981947  0.89279021 -1.17776394
  1.03476802 -0.39333521  1.28951781  0.90062182 -0.84625971  1.31738465
  1.60204683 -0.97487044  1.14204254 -1.5761517  -0.40429446  1.37922112
 -0.24107928  1.34531662 -0.87658771 -0.31043826 -1.55501433 -1.86180034
  0.60574824 -0.75500923 -0.04922844 -0.81566195 -1.3313485   0.37126377
  0.72346458 -0.5172976   1.27634419 -0.9295498   1.01383709  0.3932388
  0.69641169 -0.80388091 -1.00423934 -0.9816399  -1.6169431   1.33151341
 -0.75834725  0.42209412  0.45472989  0.63554704], Measures: [0.31163773 0.51499131]
Elite 3: Fitness: 232.8140170217248, Solution: [-1.6172225   0.87943906  0.18188815 -0.08079015 -0.49023107  0.28936957
 -1.08415908 -1.49460161  0.84434833  0.56175285  0.33088654 -1.22971938
  1.79233657  1.22839598  0.19250359  0.00635515 -0.22483209  0.85048813
  0.14682182 -0.48429289  0.13966922  1.15395175  1.32932474  1.379326
  0.32499559 -0.36851244  0.18528147 -0.04725265 -0.31442177 -0.94302498
 -0.10975311  0.24761426 -1.28564824  0.97257575  1.56405765 -0.71623891
  1.86607926  1.18209284  1.20125961  1.21301565 -1.41840394 -1.11600071
  0.29131065 -0.33638409 -1.16741529 -1.23240605  1.15451362 -1.03196589
  0.71270805 -0.80797456  1.31917198  1.71638606 -1.23023789  1.32720358
  1.6107567  -0.98482205  1.00169314 -1.41171015  0.12642811  1.56513465
 -0.17638841  1.66033372 -1.10109474 -0.39047567 -1.58203619 -1.26286381
  0.62261505 -0.56752481 -0.39485103 -1.54044215 -1.53067684  0.33390371
  0.48793666 -0.7232695   1.39783923 -0.99783748  1.04309805  1.01106364
  1.11814307 -0.83781708 -1.65586294 -1.90616397 -1.90405579  1.57887864
 -0.74263506  0.31076107  0.70889173  0.57400786], Measures: [0.44955798 0.92200312]
