Elite 1: Fitness: 500.0, Solution: [ 0.04133399 -0.520076   -0.09313535  0.71355155 -1.03914736  0.8983487
  0.43715859 -0.15654943 -0.08073746  0.75685698 -0.02709271  0.41643008
 -0.74975463  0.66148257  0.85036383  0.22791424 -0.12956399  1.36862489
 -0.60129261  0.74353568 -0.62652    -0.11139434 -0.71382453  0.82035093
 -0.25223848 -0.96223691  0.57422998  0.12371836  1.03967222  0.50079914
 -1.06145469 -1.13079207 -0.25832867  0.90210148  0.80867621  0.77693816
 -0.25849022  0.47911096 -0.51745087  0.29815635 -0.17724263  0.67587454
 -0.00650847 -0.28984511], Measures: [0.17751649 0.06180378]
Elite 2: Fitness: 500.0, Solution: [ 0.81707392 -0.77876733 -0.25361708  0.38961831 -0.58100023  1.01655596
  0.55373704 -0.77549263 -0.07464967  0.07012208  0.4223007   0.22132383
 -0.26171057  0.47612247  0.48877356  0.17244852  0.3728765   0.72014818
 -0.41464472  0.71675592 -1.02434073 -0.04787324 -0.56890178  0.92388479
 -0.7693107  -0.82693728  0.80134344 -0.76885761  0.75233842  0.96886864
 -0.70165873 -1.00912875 -0.49334379  0.96988411  0.81484419  0.91834728
 -0.23438491  0.65037719 -0.40279075  0.86194279 -0.1590223   1.03263367
  0.3349484   0.31989546], Measures: [0.25713869 0.08303759]
Elite 3: Fitness: 500.0, Solution: [ 0.76332854 -0.7268991  -0.2538889   0.41825427 -0.77219974  1.07175796
  0.45933226 -0.70494502 -0.17734634  0.09992819  0.46888986  0.12403782
 -0.41469818  0.42767784  0.708226    0.15431801  0.3939029   0.59564864
 -0.29028871  0.62051255 -1.04868878  0.05635659 -0.42979744  0.87369441
 -0.7586315  -0.70542845  0.7334871  -0.69347464  0.73440572  1.06792262
 -0.83372319 -0.97174758 -0.51996709  1.05686543  0.70058866  0.85110947
 -0.35470899  0.41808755 -0.40256074  1.01888887 -0.01529012  0.89271616
  0.13544621  0.37745818], Measures: [0.35712136 0.07721833]
