Elite 1: Fitness: 500.0, Solution: [-0.2335261  -0.56301987 -0.1304969   1.19897256 -0.15745382 -0.35468196
 -0.95716343  0.71858673 -0.79885369 -0.40759836 -1.00901458 -0.58835831
  0.05723501 -1.05156299 -1.59026096  0.1568866  -0.99539788  1.31056463
  0.14333929 -0.51166377  1.01594629  0.14896574 -1.2523705   0.65212019
  0.2934943  -1.49382373 -0.49508488  0.68300217  0.33353939  0.4258929
  0.471329    1.16904151  0.298918    1.16836297 -0.64635117 -1.09418564
 -0.53613079 -0.17905769  1.11587905  0.44670185  0.50716864 -0.50554681
 -0.8773677  -0.93870767], Measures: [0.05665876 0.09384689]
Elite 2: Fitness: 500.0, Solution: [ 0.6398494  -0.57366065  0.47350611 -0.09542021  0.38862779  1.20369316
  1.60474259  0.34146363 -0.68535428  0.7412865  -1.16639224 -1.63077247
 -0.54469065 -0.36851356  1.05481891  1.23119966 -0.22639041  0.68992091
  0.54938375 -1.07733484  0.2308824  -0.46142305 -0.1887536  -0.39809269
  0.73896504  1.05580889  1.06640532  1.18271736 -1.22984539 -0.95151586
  0.52881608 -0.32386048 -1.49791424  0.82118926 -0.25282331  0.67539396
  0.8104889   1.15455163 -0.69645427  0.54130754 -0.38191477 -0.21065314
 -1.14077439 -1.27548552], Measures: [0.0871939 0.1991775]
Elite 3: Fitness: 500.0, Solution: [ 0.26665817 -0.44105632 -0.14707188  0.22353704 -0.22266931 -0.77075955
  1.30237138  1.05012408 -1.12113804  0.51697719 -1.11996373 -1.20074266
 -0.60721378 -1.15695559  1.33817149  1.31421746 -0.65218103  1.2094969
  0.13093006 -1.12118603 -0.64983339 -1.04837317  1.08168203 -0.07678846
  1.49195252  0.82888356  0.49841264  1.39967977 -0.12468919 -1.0064354
  0.44050487 -0.47017185 -1.04477961  0.03448457  0.59261917  0.29686356
  0.71662807  0.29703268 -0.33359688  0.7990314  -0.31494597 -0.85205914
 -0.58525181 -1.58990405], Measures: [0.07075753 0.27878274]
