Elite 1: Fitness: 500.0, Solution: [-0.43330398 -0.3663739   0.05941313 -0.63401777 -1.56235973 -1.58944035
 -0.0079078  -0.35046866 -0.94744887  0.12158619 -1.45433386  0.84602083
  0.7458563  -0.7955012  -1.20520329  0.60489653  0.01088938  0.10165575
  0.11666924  0.43725748 -0.85236237  0.83992449  0.57941642  0.04287386
 -0.21126206  0.47448403  0.06627397  0.54336528  0.42353367  0.14893295
 -0.55991439  0.6511398   0.15810855  0.60380826 -0.69090491  0.12371809
 -0.76518581 -0.66639299  0.97197256 -0.05354606 -0.51116863 -0.51731726
 -0.9706444   0.66560373], Measures: [0.03328075 0.0536415 ]
Elite 2: Fitness: 500.0, Solution: [-0.46368207 -1.8614822   0.0621333  -0.89098098  0.45823764  0.33186303
  1.0594331  -0.24017719  0.28304483 -0.46623278  0.67336519 -0.83410994
  0.15817672 -0.19458198  1.36051782 -0.11284194  0.19046438 -0.37183032
 -0.02890004  0.57691804 -0.48343754  0.14458329 -0.433205   -0.46600631
 -0.71597157 -0.6201696   0.91854748  0.17919184 -0.97565989 -0.07954847
  0.64160064  1.11714038 -0.19901757  0.46764639  0.52545608 -1.00394101
  0.31527592 -0.3935772  -1.09088049 -1.0454139   0.93198159  0.46425628
 -1.22708178  1.97373163], Measures: [0.07297589 0.16089831]
Elite 3: Fitness: 500.0, Solution: [-0.56295548  0.07346717  0.22311667 -1.00437003 -1.18816307 -1.75276548
 -0.36262984  0.04219295 -0.64324864 -0.15112841 -0.87611702  1.31530416
  0.95239749 -0.31032782 -1.1132584   0.86590732  0.60333652  0.73996951
  0.29480917  0.99204404 -0.78466324  0.28702162  0.46903071  0.56872548
 -0.84717194  0.9782235   1.29986747  0.01063528 -0.0447233   0.72164321
 -1.27338799 -0.2166294   0.87794504 -0.05377639 -0.89708486  0.12675494
 -0.4230727  -0.1449637   0.85351511  0.24636701 -1.26454059 -0.09435369
 -0.94238716  0.59471187], Measures: [0.12443784 0.09894844]
