Elite 1: Fitness: -103.0, Solution: [ 1.40449211 -0.2407179  -0.06283715 -0.2469205   0.40150355 -1.0199152
  0.31060611 -0.60608628 -0.28511591 -0.21735716  1.07830507  1.54285775
 -0.43586224 -0.62795484 -1.12683941 -1.18359082  1.66123638 -1.7435527
 -1.24359501 -0.94221209  0.69771623  0.46574823  1.42368304 -0.74912466
  0.10289776 -0.8921308  -0.29224977  0.59362759 -1.42453106  0.02553631
 -0.30769139  0.11927749  0.92475796  1.41548304  0.84739508  0.4472617
  1.39389982 -0.3438398   0.13081049  0.03013863  0.61913702 -1.62224725
  0.35797367  1.07720849  0.08011411  0.70755256 -0.23359225  1.2601525
  1.48257246  1.58746901 -1.70442395 -1.19242807  1.79756868  1.22606807
 -0.87022987 -1.46577583 -0.19599119 -1.82281287 -0.2122463  -0.87887593], Measures: [0.65259543 0.96506182]
Elite 2: Fitness: -103.0, Solution: [ 1.37064339  0.261243    0.34682117 -1.77100525 -0.03543257 -1.08519055
  0.64922161 -0.26632421  0.40903957  0.83722864  0.87463199  1.14865332
  0.25522249 -0.5209927  -1.0416127  -1.68096696  0.99377152 -1.8836013
 -0.5713444  -0.09552994 -0.31906494 -0.75841008  0.56210628 -0.93398197
  0.10584151  0.00438248 -1.6676071   0.99026645 -1.07450167  0.74528399
 -0.22051257  0.27553083  0.21740808  1.25662042  0.8667529  -0.25712886
  1.05089921  0.19768855 -0.17482499 -0.8324923   0.79463199 -0.65445088
  0.94963088  0.51724428 -0.42160361  0.97056119 -0.60561818  0.46179164
  0.85540264  1.09849359 -0.80734315  0.11068796  1.60484994  1.82406865
 -1.26779577 -0.90127471  0.00236482 -1.15507286 -0.54849999 -0.40052852], Measures: [0.23635708 0.59990894]
Elite 3: Fitness: -104.0, Solution: [ 0.27549049  0.16809493  0.33247678 -1.70993921 -0.41043928  0.30215109
  1.45339845  0.69049105 -1.07014306  0.0408447  -0.47976091  1.45862116
 -0.73633954 -0.47638783 -0.60370533 -1.09652852  1.21503233  0.967456
 -0.67964536  1.1892984  -0.53961622  0.94211717 -0.702249   -1.8675564
 -1.76031896 -0.32032648 -1.37140263  0.64015847 -1.73401671 -0.90792709
 -0.09302926 -1.52075534  0.33485143 -0.43941498 -1.19629239 -0.69577583
 -0.79490069 -0.30179888 -0.18058838 -0.89067073 -0.28730118 -0.73873829
  0.84890019 -0.93907418 -0.48097535  0.00893197 -0.4835952   0.32559527
  0.79950654  0.21921317 -1.14875021 -0.16697183 -0.08196458  1.38535528
 -1.19561838  0.4493312   1.19403073 -1.2057407  -1.54197573 -0.80747003], Measures: [0.63621404 0.13021888]
