Elite 1: Fitness: -95.0, Solution: [ 0.10684604 -0.18683067 -0.68369408 -0.74221029 -1.50657481 -1.48582502
  0.65367504  0.37670819 -0.26980768  0.07062527 -0.71277263  0.47864913
  0.66227137 -0.62437722 -0.68833517  0.00626306 -0.82370241 -1.22430541
 -0.10566777  0.76886832  0.24674833  0.00721183  1.74682929  1.07802755
  0.21096086 -0.02302475  0.55788822  0.86134556 -0.34237095 -0.70961328
 -0.50431297 -0.45471195  0.21269402  0.13869771  0.30660647  0.44715762
 -0.85276092  0.18415379  0.37510692 -0.19945287  0.28936467 -0.16525255
  0.50540275 -1.04025688  0.64505277  1.22859189 -0.22831366  0.15423216
  1.08049754  0.63685604 -1.17801923 -0.04702295  0.50135827 -0.66398775
 -1.11233464 -0.57190978 -0.51114929 -0.32961021  1.04088337  1.14615956], Measures: [0.42650223 0.12355305]
Elite 2: Fitness: -95.0, Solution: [-0.00674901  0.01241812  0.01196249 -0.85200189 -0.81230852 -1.1753812
  0.2318444   0.46059137 -0.61435133 -0.02765718 -0.43691228  0.56065483
  1.00986052 -0.56190798 -0.86110177 -0.27129299 -0.4495539  -0.77925934
 -0.20129785  0.66164003 -0.42231233  0.66693898  1.37820815  0.82351905
  0.45975598  0.18172689  0.64907599  0.84095813 -0.28406695 -0.34356296
 -0.74168058 -0.73978111  0.62770053  0.51480136  0.2587174   0.29777699
 -0.42271464 -0.13933387 -0.13137676 -0.18840876 -0.20658787  0.02255904
  0.94130354 -0.74203641  0.596418    0.63134234  0.2270931   0.47512157
  1.45303342  0.776742   -1.24430791 -0.18059477  0.54263264 -1.1562725
 -0.46190259 -0.0891347  -0.95538366 -0.33977844  0.77780861  0.93061236], Measures: [0.27335289 0.16810841]
Elite 3: Fitness: -95.0, Solution: [ 0.00570638 -0.05300903 -0.22662929 -0.97859862 -0.83583139 -1.13188069
  0.44654688  0.68259153 -0.43347557  0.40827377 -0.85021254  0.69814419
  1.39786251 -0.5062656  -0.57706215  0.0148313  -0.73991831 -0.87796216
 -0.61283697  0.68818762 -0.2600174   0.73455238  0.78614397  1.22943111
  0.55806611 -0.18098767  0.62135781  1.044669   -0.83611917 -0.78832647
 -0.27311455 -0.48863348  0.14981051  0.36647028 -0.19205566  0.32965381
 -0.90039612 -0.2864446  -0.02323102 -0.68427618  0.48879132  0.24178565
  0.45408702 -0.39880791  0.37275404  0.069162   -0.66750823  0.4827248
  1.42217058  0.85925934 -0.88293365  0.1662987   0.46762136 -0.58359595
 -0.74658337 -0.18308889 -1.17518433 -0.58590401  0.72947638  1.23333486], Measures: [0.41987283 0.21656485]
