Elite 1: Fitness: -97.0, Solution: [ 0.14778619 -0.26899081 -0.11765442  0.92905882  1.13109537  0.49645147
 -1.72446432 -1.55965684  0.51816303  0.01961574  0.87544858 -0.52134813
 -0.84961343  0.12919253  0.46156856  0.79985736 -0.10132521  0.45838076
  0.99904131  0.36461441 -0.2710415   1.18009063 -1.12391297  1.22435436
  0.57815899  0.60136232 -0.28235958 -0.21720319  0.30885173 -0.84006558
 -1.53150086  1.24628684 -0.94295455 -0.75981742 -0.80216056 -0.80047002
 -1.51261803 -1.14197788  1.58617583 -1.10730172 -1.01995049  1.36196425
 -1.223883    0.43284664  0.38615278 -0.37336169 -0.22872325 -0.16534881
 -0.35499343  0.3176549   1.38064408 -1.24048878 -0.6325243   0.41582226
  1.27217303 -1.56632209  0.42866641 -0.69327802  1.15773711  1.46328858], Measures: [0.32041539 0.80530889]
Elite 2: Fitness: -98.0, Solution: [ 0.85373271  0.66956579  0.48905138  0.61320693  0.33538491  0.34690562
 -1.23112756 -1.75273803  0.27576169  0.11700862 -0.22303165  0.08391394
 -0.98917045  0.84313279  1.33982734 -0.1381064   0.79682103  0.67021556
  0.39779626  0.10835798 -0.50987451  1.12822804  0.65280263 -0.09106562
  0.40833963 -0.22025847  1.14976552  0.23954092 -0.47050027 -0.50617327
 -1.14756252  1.08227116 -1.28257938  0.89278294 -1.139501   -0.51866896
 -1.23514883 -0.36934824  0.13153909  0.19683458  0.17791041  1.20242579
 -0.72993427 -0.37264905  0.33396705  0.39885504  0.55847333  0.27975719
 -1.13456474 -0.68073957  1.49454369 -0.32220083 -1.50779449 -0.14905004
 -0.01050401 -0.48161634 -0.44563886 -0.47926442  0.81497806  1.02509049], Measures: [0.39739255 0.22235337]
Elite 3: Fitness: -98.0, Solution: [ 0.01089546  0.17901593 -0.23545205  0.82596588  0.88445233  0.90401279
 -1.6410686  -1.44795858  0.4283523   0.13624892  1.28840985 -0.54607816
 -0.37630095  0.75650166  0.82215439  0.72189673 -0.32769341  0.74114134
  1.10873628  0.72691989 -0.33531003  1.74317923 -0.93799645  1.03274633
  0.38190682  0.45522834 -0.28395084 -0.00533159  0.37649798 -0.73989063
 -0.97123421  1.58850445 -0.93978354 -0.34546039 -1.03613827 -0.47548357
 -1.28509001 -0.96779164  0.84548247 -0.84128003 -0.69836075  1.61018115
 -1.30075731  0.21556553 -0.05384951 -0.34941951 -0.5301409  -0.44576393
 -0.6336287  -0.66114973  1.7647546  -1.59544848 -1.29661216 -0.15519985
  1.5708566  -1.61616612  0.49422105 -0.51732538  1.17045183  1.46936352], Measures: [0.31419349 0.91137601]
