Elite 1: Fitness: 296.74066148919485, Solution: [ 7.98739418e-02 -7.74053693e-01 -1.12737482e+00 -1.13126115e+00
  6.96995019e-01 -1.28953103e+00  7.42645742e-01 -1.26192472e+00
  1.11031754e+00  7.41269670e-01  3.93434124e-01 -2.10617330e-01
  7.35268312e-01 -9.25601712e-01 -1.04932153e+00 -2.60623848e-01
 -9.90635950e-02  7.61614951e-01  3.63514653e-01 -1.43010494e-01
  1.14299623e+00  6.71160186e-01  7.95355430e-01 -1.76878204e+00
 -1.43486362e+00 -1.36417586e+00 -1.05787008e-01  9.19219377e-01
  1.39009100e+00 -6.64185614e-01  1.42136260e+00  1.63627740e+00
 -1.21746561e+00 -4.88521317e-01  1.08703318e+00 -8.13178333e-01
  2.81529129e-01 -1.29040569e+00  1.01029900e+00  8.66217103e-01
 -5.19935577e-01  1.75109201e-03 -8.82090099e-01 -4.30758447e-01
 -1.89114502e-01 -2.61846762e-01 -2.17166722e-01  1.37509502e+00
 -1.13520037e+00 -3.04011970e-01  1.48509651e+00 -1.08099000e+00
 -3.99985695e-01  3.61866043e-01 -1.79845062e+00  1.39814006e+00
  3.06181902e-01 -9.85745212e-01 -3.00404705e-01 -6.09269422e-01
  3.34272718e-01  1.45689863e+00  4.60101406e-01 -1.43344239e+00
 -8.42531804e-01  1.12140940e+00 -6.71013327e-01 -9.78449500e-01
 -9.14187968e-01 -7.21105534e-01 -7.41534117e-01  4.59604892e-01
 -7.26690180e-01 -2.38161365e-01 -1.75670310e-01 -5.85662732e-01
  1.46523131e+00  4.51906847e-01 -1.02909827e+00 -2.06051795e-01
 -1.99767619e-01 -9.76971162e-01  1.33200330e-01  7.12618311e-01
  7.36492798e-01 -9.27645283e-02 -6.44292559e-01 -1.13094408e+00], Measures: [0.5363892  0.26825249]
Elite 2: Fitness: 296.74066148919485, Solution: [-0.11498216 -0.38498069 -1.32996744 -1.04406464  0.92007255 -0.65280397
  0.98296919 -0.92732767  0.93059726  0.37030339  0.01516635 -0.31786845
  0.45620754 -0.76704254 -1.17391531 -0.19261845  0.33830205  1.06535734
  0.41927181 -0.24176075  0.85143211  1.0320758   0.72576207 -1.50846099
 -1.37617207 -1.74267086 -0.08646508  0.99068308  1.26815488 -0.01777891
  1.85979585  1.58765859 -1.76998441 -0.5493558   0.40888351 -1.23504732
  0.04604521 -1.14521902  1.0244794   0.80245894 -0.60658877  0.14270149
 -0.17978399 -0.16914485 -0.00309522 -0.70656828  0.12923503  1.11450651
 -1.7243028  -0.20812899  1.38044109 -1.86340007 -0.10033294  0.31011353
 -1.50243396  1.24839288  0.30245033 -1.06714614 -0.02451469 -0.61707605
  0.1626487   1.42362511  0.10085522 -1.33725169 -0.2476414   1.43053046
 -0.9046635  -1.43391983 -0.878199   -0.87705586 -0.53592857  0.69905632
 -0.9716668  -0.06365848 -0.21400882 -1.09163338  0.89123043  0.53282117
 -1.34704629 -0.32639559 -0.25583185 -0.79110436  0.34766838  0.71515685
  0.36503347 -0.10351183 -0.79434294 -0.45164519], Measures: [0.58397398 0.33032444]
Elite 3: Fitness: 296.74066148919485, Solution: [ 3.70254700e-01 -1.56031756e+00 -7.83777646e-01 -8.00478597e-01
  8.64341590e-01 -3.78152167e-01  8.41876863e-01 -5.93355614e-01
  9.24130133e-01  1.11911815e+00  8.32034320e-01 -5.78903511e-01
  1.82775098e-01 -1.29924305e+00 -1.14083830e+00 -4.12319358e-01
 -2.20665309e-01  1.23839820e+00  1.96336606e-01 -5.02894984e-01
  6.09306551e-01  6.98019727e-01  9.47162093e-01 -1.38849507e+00
 -8.47154075e-01 -1.16144587e+00 -5.65177647e-01  8.21542464e-01
  1.16308232e+00 -1.35627123e-01  1.01766366e+00  1.42892784e+00
 -1.10672073e+00 -1.10180173e+00  9.47484829e-01 -1.31543527e+00
  1.09485034e-01 -1.28634722e+00  3.99336979e-01  1.01322688e+00
  1.59664326e-01  2.82721410e-01 -6.83108558e-01 -4.99224210e-01
  5.42270463e-01 -3.01759768e-01 -6.68250442e-01  1.76491544e+00
 -1.64688416e+00  1.01347740e-01  1.74851888e+00 -8.03495414e-01
 -2.67230325e-04  4.14651840e-01 -1.21424460e+00  1.41679931e+00
  1.94994908e-01 -1.07332559e+00 -4.66933933e-01 -5.68175105e-01
 -2.52590159e-02  1.13133807e+00  8.94949736e-01 -1.11360129e+00
 -5.84713666e-01  1.23361496e+00 -6.97553893e-01 -1.65979815e+00
 -1.18520838e+00 -1.24856971e+00 -6.76980884e-01  2.62355867e-01
 -1.37452477e+00  3.10052184e-01  2.51472633e-02 -6.35428257e-01
  4.42834413e-01  2.88311439e-01 -1.05713643e+00 -4.46764458e-01
 -2.45450843e-01 -9.77870484e-01  2.83590336e-01  6.16877191e-01
  1.44651636e+00  6.95084342e-01 -5.07772196e-01 -7.13891538e-01], Measures: [0.27242616 0.19512645]
