Elite 1: Fitness: -92.0, Solution: [ 0.24165604 -1.21724792 -0.55370551 -1.75257204  1.09132869  0.62914337
 -0.20306453 -0.98175562  0.47352225 -1.28880802  1.24249846  0.09274628
 -0.50695355  0.21412582  0.64360824  0.48173889  0.01135971 -0.64576359
  0.06364554  1.18199431 -1.94106076 -1.02239505 -0.05737373  0.32147077
  0.57384726 -0.57098806 -0.52082074  0.17610586 -1.25394692  1.05872534
 -0.78324551 -1.05573803  0.56878105  0.55114213 -0.18016543  0.26397052
  0.9392175  -0.19529924 -0.6181829   0.29604707 -0.36807759  0.59472119
 -1.12743476  0.91197724 -0.77389773  0.1367747   0.66310334 -0.84218752
 -0.31977873  0.61883794  0.5768614  -0.84664875 -0.35943688 -0.8273721
 -0.55886932  0.0032204  -0.35179357  1.01974331 -0.95541928  0.97761913], Measures: [0.53438351 0.11119009]
Elite 2: Fitness: -92.0, Solution: [ 0.17867653 -1.39881059 -0.99532242 -0.71707179  1.10973462  0.21583222
 -0.28881595 -0.98423166  0.16774712 -1.18115139  0.96393785  0.0855081
  0.31239133  0.64240981  0.55971612  0.66523036 -0.1363393  -0.0402446
  0.11551697  1.17976365 -1.62860037 -0.39895518 -0.66948298  0.45309029
  0.58043126 -0.59957772 -0.54585951 -0.04237277 -1.06467698  0.61551149
 -0.73129643 -0.99733358  0.4114598   0.58134916 -0.75282709  0.28641466
  0.29822112 -0.38878972  0.15134988  0.68904405 -0.42487215 -0.02513718
 -0.40016437  1.00606676 -0.34842294  0.10717094  0.64038345 -0.53889592
 -0.46883818  0.54981883  0.78747324 -1.11255372 -0.48442465  0.06690486
 -0.50612311  0.31067696 -0.31969929  0.55679657 -0.62260398  0.61746194], Measures: [0.41958853 0.08149424]
Elite 3: Fitness: -92.0, Solution: [ 0.29178556 -1.15221869 -0.90445867 -0.77029826  1.10593314  0.25670382
 -0.19609257 -1.05993665  0.34093418 -1.06504086  0.86452575 -0.02932115
  0.29585541  0.72755621  0.79606375  0.77776029 -0.22011455 -0.0073803
  0.10617087  1.14414327 -1.68647396 -0.38981682 -0.72303064  0.33487995
  0.77416983 -0.77163979 -0.37451869  0.01366626 -0.94644324  0.67352075
 -0.70546731 -1.30129863  0.33712154  0.64459932 -0.59165869  0.41105485
  0.42935699 -0.60567875  0.14075313  0.69724962 -0.51159445  0.05818681
 -0.57748523  0.93325195 -0.16861282  0.05997134  0.59249055 -0.36136045
 -0.82982733  0.64448685  1.07650982 -0.99583929 -0.33835477 -0.03501964
 -0.54364411  0.20475073 -0.5475101   0.46140936 -0.60901283  0.62578358], Measures: [0.43786899 0.11764679]
