Elite 1: Fitness: -103.0, Solution: [-0.73561468  0.45620476 -1.11632677 -0.62420038  1.65511913  1.01323867
 -0.65040138  0.62273613  0.80221652 -0.63657717 -0.55533342 -0.19051738
 -0.68861531 -0.71709245  0.49196497 -0.5771379  -1.30052428  0.34282232
  0.10007044 -0.4095395  -0.26420344  1.13730488 -0.9438369   0.82625459
  0.08947593  0.2571237  -0.48688254 -0.55158341 -0.94193749 -1.02761951
 -0.21975429 -0.77295992 -0.0561842  -0.27647786  0.89578428 -0.71722572
  0.63573438  0.80870891  1.01810181  1.03104225 -0.03143752 -0.78580044
  0.99496811  0.73349863  1.1059521   0.46294278  0.45265964  0.74687617
 -0.84861125  0.8526986   0.02915255  0.2447822  -1.03319309 -0.24122075
 -0.02184039  0.14592997  0.76692572  0.23321183 -0.18293968  0.54270036], Measures: [0.57760052 0.05923062]
Elite 2: Fitness: -103.0, Solution: [-0.56610987  1.08788662 -0.50583752 -0.84248427  1.54661552  0.54851402
 -0.07135699  0.81536859 -0.20074325 -0.1349556  -0.79351606  0.07860197
  0.19373678 -0.8868948   0.51794321 -0.27062967 -0.91780917  0.36644857
  0.44897982 -0.7461216  -0.23289216  1.19704482 -0.42457718  0.23358201
  0.18175315 -0.25302659 -0.81732095 -0.69932056 -0.59098375 -0.42489943
 -0.96028091 -0.51570053  0.28649882 -0.24513107  1.48214982 -0.64781835
  0.89270219  0.84060681  0.58025522  1.13547439  0.10172307 -0.84771347
  1.10080961  0.89252072  0.78777402  0.19460116  0.44404281  1.37740975
 -1.01607946  0.80788517 -0.068681    0.14841262 -0.66743341 -0.78335573
  0.05839237 -0.02127015  0.63523205 -0.04322179 -0.61951812  0.30436463], Measures: [0.56389097 0.07328134]
Elite 3: Fitness: -103.0, Solution: [-0.61368936  1.07559845 -0.60562593 -0.9461869   1.41556993  0.6213859
 -0.15042526  0.78151204 -0.39816677 -0.28841697 -0.97032228  0.01497149
  0.31111684 -0.81681135  0.23529477 -0.38602783 -1.03128709  0.27671852
  0.47433879 -0.68458052 -0.21558214  1.24996492 -0.47373383  0.45064036
  0.19499753 -0.44169478 -0.39222259 -0.9197748  -0.59680382 -0.51590036
 -0.66316689 -0.49139405  0.20164886 -0.13358581  1.32883361 -0.70343183
  0.8345789   0.90561498  0.49388045  0.9525332   0.08356293 -0.88497694
  1.0781068   0.95872432  0.84274973  0.43932035  0.56888067  1.42472096
 -1.08983599  0.77838811  0.18931744  0.08838247 -0.60993037 -0.67106162
 -0.14534682  0.07774182  0.79265594 -0.14348702 -0.27579076  0.39656859], Measures: [0.56330741 0.0875838 ]
