Elite 1: Fitness: -94.0, Solution: [-0.72006767  0.32327019 -0.57958853  1.00561799  0.46269228 -1.47940962
 -0.14834816  0.0422202   0.92716036 -0.8252513  -0.88086013  0.99202013
 -1.07581674 -0.26488997  0.13917321 -0.91664267  1.38178703  0.57137487
 -0.4291916  -0.32532602 -0.14837162 -0.26871548  0.24001125 -0.42303121
 -0.07728451 -0.29877292 -0.19820467 -0.71305867 -1.00796359  0.6181701
 -1.06320849  0.01046192  1.09798537  0.59100197  0.21515853 -0.02138922
  0.16031107  0.55244041  0.20706803  0.51761046  0.31628955 -0.91533457
 -0.92051053  0.4028755   0.33882895 -0.2290022  -0.22444972 -0.00903451
 -0.26851455 -0.70767685  0.32728817 -0.09719302 -0.12878108 -0.08266594
 -0.50916191  0.22292187  0.86772774  0.2538548  -0.69118625 -0.12035124], Measures: [0.31783435 0.08354993]
Elite 2: Fitness: -94.0, Solution: [-1.13239636  0.69071914 -0.84903447  0.67897238  0.76571239 -1.15225792
 -0.3709601  -0.02396518  0.96671738 -0.95122373 -0.98504231  0.46360463
 -0.84242727 -0.53298287  0.35781187 -1.2187367   1.14405066  0.10381404
 -0.4633837  -0.84872281 -0.12800265 -0.3328741   0.05624348 -0.24855502
 -0.06480523 -0.33364212  0.24092936 -0.68949702 -0.39310395  0.88023551
 -1.00027489  0.05718959  1.24317713  0.4527189   0.34435944  0.40217822
  0.13708034  0.10709722  0.13665765  0.59895296  0.33938421 -0.82711252
 -1.23959943  0.57039028 -0.15529717 -0.46639294  0.23368554 -0.03297429
 -0.03926888 -0.97164104  0.06610638 -0.25792609 -0.30415719 -0.09737305
 -0.18921804  0.40425882  1.63046896  0.11975496 -0.72626804 -0.20776895], Measures: [0.3840522  0.10662956]
Elite 3: Fitness: -94.0, Solution: [-0.85880576  0.34444463 -0.35146465  0.54761456  0.52387185 -1.5236521
 -0.66729775 -0.04908713  0.65394287 -0.88713299 -0.783334    1.10275674
 -0.98928802 -0.02757039 -0.25464101 -0.96455534  1.23776799  0.52874664
 -0.04709613 -0.34004557 -0.07045569 -0.34536899  0.28861416 -0.2715006
 -0.24474931 -0.26942549 -0.49604711 -0.90273405 -0.93691462  0.70893959
 -0.87900721  0.18160366  1.14861084  0.92596684 -0.00633781  0.25766065
  0.45609878  0.49060049 -0.09349046  0.78171072  0.05841428 -0.87427596
 -0.77946733  0.16672997  0.25508535  0.33549907 -0.05974486 -0.09102234
  0.05109298 -0.4655493   0.58894217 -0.21786703 -0.12442602 -0.15967284
 -0.30750574  0.00170413  0.85023698  0.17437404 -0.61367154 -0.33634942], Measures: [0.42599472 0.09070261]
