Elite 1: Fitness: -109.0, Solution: [-0.0649023  -0.20936581 -0.04897363 -0.47861743  0.43720741 -0.18666707
 -0.24234252  0.27340504  0.15340982 -0.23233008 -0.86962323  0.32611828
 -0.16673238  0.45874527  0.18310375  0.76517644 -1.09039908  0.69042486
 -0.24314243  0.30840823  0.23175025 -0.34370587 -0.07500849 -0.85058967
 -0.16899277 -0.85908361  0.34568133 -0.0866664  -0.04688208  0.71342422
 -0.11962877 -0.25508241  0.30791325  0.16771552 -0.76853687 -0.20488919
  0.42774899  0.81901534  0.01485687  0.29005435 -1.19337986  0.59518832
 -0.07523728 -0.85449597  0.10504457  0.66685704  0.26381201 -0.08179575
  0.5892839   0.76048687 -0.35282081 -1.43086086 -0.24355213 -0.50543986
  0.13343429  1.09798388  0.77843989  1.53342516 -0.40921932 -0.55086414], Measures: [0.26760498 0.03458206]
Elite 2: Fitness: -111.0, Solution: [-0.53349611 -0.19098491 -0.84749871 -0.74005472  0.36950894  1.03716765
 -0.81202416 -0.38131919 -0.40738245 -0.14913678 -0.71608513 -0.07020466
 -0.77004211 -0.20810087  0.42178734  0.07333812 -1.20787968  0.60397593
 -0.62746594  0.77141171  0.36928598  0.57957565 -0.04292484 -0.61928005
 -0.27456762 -1.06701471  0.65004236 -0.04745336 -0.2907222   0.26692802
  0.01448878  0.39653035  0.54862291  0.5663593  -1.47262703 -0.21620784
 -0.95862466  0.94136374  0.33279176 -0.19170032 -0.61196519  0.40068873
 -0.80103669 -0.98561612  0.21639283  0.08301792 -0.27318561 -0.62623132
  0.92764113  0.41245265 -0.52843278 -0.95981538 -0.47615904 -1.56992492
  0.58753615  0.70135248  0.04822688  1.19446228 -0.23233828 -0.50603696], Measures: [0.49116487 0.06032309]
Elite 3: Fitness: -111.0, Solution: [-0.46700595 -0.39466025 -0.52484636 -0.89775977  0.03776781  0.40131719
 -0.45135101 -0.9972999   0.25140462 -0.34222182  0.30094013  0.27137756
 -0.81275956 -0.04836362  0.27078218 -0.1510353  -0.99426297  0.47546106
 -0.91504073  0.49259362  0.88772437  0.41159559  0.42525757 -0.92625072
 -0.15361528 -0.78365166  0.75351102 -0.07156045 -0.48222285 -0.0221596
 -0.60010052 -0.01797842  0.60470677 -0.14478739 -0.92137037 -0.78780772
 -0.53729787  0.79694806 -0.2373938   0.11314544 -0.6065569   0.49431462
 -0.45524067 -1.65408846  0.56080069 -0.05662149 -0.0450534  -0.29980929
  0.57637918 -0.200241   -0.4745826  -0.72539156 -0.12542581 -0.90082048
  0.50713038  0.74558731  0.27106494  0.48027097 -0.18210054 -0.68453437], Measures: [0.45053445 0.09250005]
