Elite 1: Fitness: 255.96130490549947, Solution: [-0.04121259 -0.55645098  0.88532676  0.3384603  -0.4529884   1.10772144
 -0.84225439 -0.08252654  0.2330687  -0.58967372 -0.5540743  -0.33673556
 -0.59671463 -0.89382172 -0.79298858 -0.38075268 -0.35317335 -0.73545569
 -0.93602025  0.58101279  0.22597071 -0.10994121 -0.5062909   1.23337853
 -0.95520991  0.24044762  0.99531562  0.10308033 -0.74984945 -0.4381376
 -0.93250547  0.67807569 -0.60559004  0.59481286  1.42097545  0.98824757
  0.6608945   0.60499315 -0.00601641 -0.49755967  1.20949926 -0.44835964
 -0.42794263  0.61092627  1.03893653  0.28597123  0.58869989  0.09466264
  0.60618355  0.83328983  0.67410957 -0.27668279  0.08724544 -1.22341916
 -0.85764156 -0.74918449  0.10888462  0.23972844 -0.15649918  0.6760568
  0.34193179 -1.26056845  0.77691271 -0.09618474 -0.95540775  0.93671036
 -0.46459178 -0.98697972  0.04592745 -0.44737077  1.15701825  0.50169827
 -1.01411341  1.29911019 -1.07803625 -0.61165647  0.04340389  0.8466804
 -0.66261889 -0.95760114 -1.17797413 -0.35867772 -0.09625535  0.43841712
 -0.01497818 -1.08579372  1.04786223  0.03329533], Measures: [0.50350455 0.09911025]
Elite 2: Fitness: 255.65583607688535, Solution: [-0.30612946 -0.24552389  1.18500297  0.66540003 -0.80963312  1.05257435
 -0.48378962  0.01503017  0.4495376  -0.8389087  -1.20625786 -0.18238553
 -0.33974524 -0.83369655 -0.88564256 -0.54190902 -0.19691361 -0.86332135
 -0.46172903  0.48460062 -0.25041364 -0.32548742 -0.65682573  0.95767005
 -0.88346935  0.01202878  0.65758368  0.03547314 -0.54850099 -0.53414743
 -1.01003291  0.52411435 -0.56959705  1.19460935  1.44312442  0.89821676
  0.83618603  1.06338114 -0.16523616 -0.63040499  0.97558243 -0.23528535
 -0.4021413   0.86017956  1.09338423  0.35105985  0.21602475  0.36293113
  0.87818189  0.93993955  0.89142699 -0.54935136 -0.00624194 -1.3125829
 -0.12079763 -0.46726047 -0.40286074 -0.19617567 -0.15055361  0.7207764
  0.30311175 -1.48583933  0.37301304 -0.0138641  -1.08888806  0.87264376
 -0.26887962 -0.70867154 -0.06950797  0.2450728   1.1910847   0.4978144
 -1.50779224  1.17695264 -0.81452296 -0.23798981  0.1462666   0.65978743
 -0.38672804 -1.13419682 -0.60122925 -0.40207874 -0.50934107  0.25982477
 -0.15467622 -1.22974777  1.08646421 -0.00179514], Measures: [0.59853322 0.12186214]
Elite 3: Fitness: 255.03409464431047, Solution: [-0.07156418 -0.64305174  1.14932608  0.5069444  -0.66401257  0.98907388
 -0.62447959 -0.34583491  0.54035795 -0.44024145 -0.48659223 -0.15724662
 -0.36881726 -1.08282476 -1.29261189 -0.71571453 -0.48426464 -0.59542879
 -0.57927803  1.20873788  0.14724045  0.00302612 -0.47279407  0.51342098
 -1.18379402  0.40720173  0.81433673  0.11333357 -1.01353777 -0.34222765
 -0.7073425   0.74106608 -0.58722515  0.36737704  0.97813016  1.01754173
  1.19506129  0.54969394 -0.43000168 -0.90021364  0.94956146 -0.13517813
 -0.55023433  0.67274009  0.76062655  0.09584555  0.76601219  0.00731851
  0.59767741  0.77873212  0.80781163 -0.59678094 -0.34748043 -1.19925211
 -0.33755    -0.30474609  0.27119905  0.34820838 -0.19881254  0.37528466
  0.35801239 -1.0491898   0.39942376  0.11682844 -1.16965112  0.65333482
 -0.9230435  -0.77187458  0.05246345  0.14947046  1.46478284  0.45210216
 -0.6274693   0.46198014 -0.8390478  -0.97023987  1.0077975   0.5078344
 -0.84880341 -1.00399889 -0.82373474  0.16231434 -0.40941483  0.21825204
 -0.29884874 -0.79990684  1.15835872 -0.22615878], Measures: [0.49470492 0.12172312]
