Elite 1: Fitness: -103.0, Solution: [-0.8327916   0.06229135  0.37858431 -0.92795333 -1.0531959  -0.861079
  0.4945664   0.37872384 -0.29189558  0.04379102  0.67648543 -0.08990742
  0.73955685 -1.19804943 -1.56053374 -0.80626774 -1.22084761 -0.15748649
 -0.84060388 -0.07495143  0.11990551 -0.75560378  0.27359056 -1.00868753
 -0.53676522  0.61180774 -0.11199545  0.16754995  0.22193298  0.14672248
  0.21455285 -1.06188247  1.70261752 -0.41797619  0.78724507 -0.50719743
 -0.98702482  1.00756983 -1.31819033 -0.15331306  0.74889898 -0.19432193
 -0.41529978 -0.07303847  0.44135493  0.48439221 -0.0225533   0.12507638
 -0.09848925 -0.36112553 -1.10580818 -0.5869265   0.25881416  0.57881942
 -1.10652432 -0.71493158  0.67471683  0.58717282  0.48111662 -0.47426018], Measures: [0.40428413 0.10382933]
Elite 2: Fitness: -103.0, Solution: [-1.91699451  0.59392583  0.0841875  -1.33509983 -0.7389389  -1.36613517
  0.64933001  0.13829064 -0.9909881  -0.80575471 -1.06836369  0.33568205
  0.73450765 -1.47843381 -1.33574571 -1.17039661 -1.35833117  1.11839541
 -0.41896124  0.3173683   0.15716742 -1.73507555  0.18631073 -1.79539078
  1.07840204  1.46771799  0.57143514  0.0704101   0.18936651 -0.36529222
  0.52024331 -1.73602457  1.45858197  0.43886774  1.75630877 -0.87421213
 -0.06163007  1.83369757 -1.19771369 -1.49062559  1.95307009 -0.44521835
 -0.54681666  0.61304202  0.39103626 -0.39365514 -1.32477578 -0.29700391
 -0.67230983 -1.51172793 -0.64029693 -0.53171154 -0.22892973 -1.43203012
 -0.55514425 -0.83957589  1.69153875  0.77235158 -0.7723096   0.19161061], Measures: [0.61948883 0.16223826]
Elite 3: Fitness: -103.0, Solution: [-0.63559495  0.181152   -0.35258279 -1.50730947 -0.2820249  -0.99182615
 -0.01905047  1.43080624 -0.98533144  0.08599587 -1.36202963 -0.91876568
  0.54620707 -0.81282503 -1.68142217 -1.58895829 -1.51720367  1.04225081
 -1.21287284  0.44235807 -0.38972973 -1.57456928  0.30947879 -1.78390099
  1.06946729  0.08649184  0.6068881   0.06141452 -0.27248832 -0.56580871
  0.51738851 -1.93204596  1.76063156 -0.21765064  1.38452713 -0.57786559
  0.04268374  1.84802637 -0.00812093 -0.84912582  0.93324349 -0.9472239
 -1.958772   -0.19399168  0.61626985 -0.95387438 -1.49928767  1.00298995
 -1.65493986 -0.73568852 -0.87330722  0.06690646 -1.00117893 -0.30195244
 -0.85737562 -0.67650783  1.49372006  0.35603384 -0.64233666  0.11768698], Measures: [0.64190297 0.36920142]
