Elite 1: Fitness: 500.0, Solution: [ 0.83956839  0.63669243  0.52495788 -0.75711142  0.09136595  0.4123944
  0.53092464 -0.63176645 -0.08969367 -0.4703565  -1.20560845  0.63080069
  0.2742123  -0.72658628  0.4960752  -1.51042021  0.08777468  0.06233004
  0.46371713  0.65136957 -0.75645721  0.15845937 -0.70096559 -0.14684666
 -1.15936555 -0.15987799  0.40128728  0.14896115 -1.40155528 -0.79893287
  0.3170544  -0.30520784 -0.08777842  0.20028871  0.43716959 -0.69016865
 -0.16088434  1.16168972 -0.52092934 -1.04329578 -1.07570497 -0.07014566
 -1.44039131  0.4285018 ], Measures: [0.06801423 0.07440687]
Elite 2: Fitness: 500.0, Solution: [ 1.00135142  0.66180909  0.82506305 -0.9804548   0.27105476  0.75703114
  0.74764674 -0.59359955 -0.26260786  0.17556769 -1.36299356  0.6355959
  0.32106142 -1.19620849  0.49799419 -1.55316705  0.1246013  -0.2122163
  0.50702785  0.43550475 -1.05777561  0.20360799 -0.21020573 -0.42909343
 -1.01874361 -0.3420908   0.45756578  0.3652809  -1.24216961 -0.78821204
  0.72041513 -0.139465    0.06550915  0.42874243  0.63174544 -0.88598291
 -0.16032918  1.41799549 -0.24626594 -1.0102932  -0.84273088 -0.00307403
 -1.57854845  0.33458593], Measures: [0.18290266 0.06881428]
Elite 3: Fitness: 500.0, Solution: [ 0.86134555  0.32949823  0.36455901 -0.4444652  -0.15177567  0.52287447
  0.87029058 -0.42595082 -0.27691104 -0.50929879 -1.47511617  0.89537336
  0.48090352 -0.16738265  0.55648088 -1.71360009  0.20537574  0.22674602
  0.34301717  0.75385591 -1.00084109  0.31044124 -0.35637251 -0.50898868
 -0.45647168 -0.36360722  0.21777175  0.18691302 -1.22636447 -1.05698276
  0.45361668 -0.39819189 -0.09081802 -0.79572054  1.1634154  -0.75229073
 -0.22209691  0.85420242 -0.31205255 -0.86140711 -0.88537619  0.1633852
 -1.48839546  0.48990484], Measures: [0.26559324 0.09506626]
