Elite 1: Fitness: 281.69109020201836, Solution: [-1.83035283 -0.91371009 -1.37789869  1.70178163 -1.88412609  0.835128
 -1.44338575 -1.99822709 -0.16613357 -1.3800882  -0.62053452  1.72129589
  1.38253589  1.26627017  1.21940608 -1.73208322  0.52629782 -0.33063194
  0.90811922  0.28709923  0.13293494 -0.65742272  0.87326631  1.46092152
 -1.86021831  0.70552974  1.80511618  1.33719327  1.52980722  0.41333721
 -0.5621526  -0.77910416 -1.1613416  -1.81017586 -1.43738405  1.22484782
 -1.2556666  -0.72794513 -1.40661946 -1.73277741 -1.72304319 -1.02872073
 -0.89664356 -0.74497767 -0.96387858  0.0483348   0.28290702 -0.46140876
 -0.90263909  1.37749836  0.73027453 -1.53576897 -0.49110749  1.45368501
 -0.98781795  0.55524358  0.98548282 -1.61441419 -0.42820504  0.10035756
  0.62963984 -1.15908841 -0.23224381 -0.75243669 -0.5284846   1.77664744
  0.48164422  0.67471291 -0.11534587 -0.3808186   0.07084701 -0.02991755
 -0.29290692 -0.7502806   0.10916055 -0.49713727 -0.51376692 -0.62506212
 -0.20930782  0.08673325  0.37074047  0.83344775 -0.22300717 -1.15710935
 -1.21165601  1.64928385 -1.53098373 -1.5404214 ], Measures: [0.56647289 0.85018666]
Elite 2: Fitness: 279.63788695613744, Solution: [-1.91382097 -0.25660853 -1.97654082  1.20055151 -1.7092515   1.1669007
 -1.91497366 -1.8138272  -0.94277955 -1.10201796  0.524364    0.90242309
  0.8358858   1.23765756  1.02089469 -1.29152875  0.7036701  -0.07171706
  0.66586464 -0.15550247  0.34103461 -0.81757196  1.19064547  1.23369388
 -1.61542643  0.76798991  0.71623729  0.61823147  0.40924281  0.17622782
 -1.21777942 -0.4756832  -1.13071414 -1.5063496  -1.22927431  1.65860324
 -1.44178378 -0.36277509 -1.21240192 -1.26344962 -0.87357221 -1.62665916
 -0.01922737 -1.00673081 -0.75333678  0.20686582  0.30231353  0.54044613
 -0.49744891  1.60202528  1.24361959 -0.96725971 -0.01553132  0.86381588
 -0.40810284  0.9407951   0.75963106 -0.96091078 -1.36501223  1.07444716
  0.98037116 -1.63635804 -0.25343789 -1.19543672 -0.03639051  1.55841413
 -0.37045137  0.25140739 -1.04821161 -0.55945267  0.36447264  0.54001901
 -0.38864244 -0.45036034  0.18542587 -0.58442212 -0.25641406 -1.05839122
  0.10316109  0.19254372 -0.12959165  1.20077959 -0.79602914 -1.1860326
 -0.83018196  1.08395169 -1.20565828 -1.20773295], Measures: [0.28395736 0.74436888]
Elite 3: Fitness: 279.6085529206124, Solution: [-1.57430815 -0.39068301 -0.84316465  1.18574347 -0.68371706  0.92741806
 -1.42108043 -0.90997064 -0.36765109 -1.58207577 -0.27406223  1.48192889
  0.37045885  0.93757317  0.97767283 -0.98851688 -0.04272733 -1.38239995
  1.52573066 -0.61896052  1.47006545 -0.0859657   1.41131465  0.45464934
 -1.70153236  0.47181368  0.53558063  1.37498792  1.14221509  0.45916347
 -1.29063528  0.54461707  0.12466382 -1.48044    -1.01082385  0.51914758
 -0.88070698  0.10718523 -1.04100951 -0.40409463 -1.45760419 -0.5663184
 -0.40196215 -0.4716432   0.13936792  0.07036268  0.01390814  1.31179494
  1.07809819  1.76377574  1.6594236  -0.40927354  0.69269569  1.10025596
 -0.43738675  0.89981707 -0.22858608 -1.0340351  -1.22705056  0.78481631
  0.50563725 -1.70995695  0.31670232 -0.08068484 -0.24443275  1.68837264
 -0.96874267 -0.5215921   1.12071107  0.19395325  1.44058073  0.16894465
 -0.16161513  0.11946976 -0.45426423 -0.60801443 -0.62471845  0.35083105
  0.76846115 -0.65854668  0.42825819  1.04224225 -0.92834749 -1.14429079
 -0.61687485  1.16046406 -1.75041966 -1.29768389], Measures: [0.36535199 0.38506895]
