Elite 1: Fitness: 500.0, Solution: [-0.22068446  0.5483542  -1.1535413  -0.6492508   0.98918687  0.41774843
 -0.44288923 -0.43889446  1.11713365 -0.43105326  0.59778971  0.95876961
  0.80937647 -0.07515438  0.62084445 -0.28983641  0.54791292  0.31921586
 -0.30553791 -0.74561582  0.27917281  0.27593377  0.70813404 -1.16558169
 -0.14178783 -0.49429746 -0.35685665  0.78378044 -1.02667315  0.6414831
  0.37548929 -0.73367882 -0.29557515 -0.78818878 -1.22152496 -0.66421536
 -0.11604165 -0.09985641 -0.56133903  0.32530072 -0.05671945 -1.08476672
  0.73950117  0.19199812], Measures: [0.10690249 0.09010185]
Elite 2: Fitness: 500.0, Solution: [-0.35823812  0.39538167 -0.58969804 -0.81341289  1.11967251  0.64316827
 -0.65645776 -0.79967118  0.90001659 -0.72939019  0.26853788  0.812885
  0.36577621  0.05412355  0.36677196 -0.24549904  0.87879311  0.37502114
 -0.4957832  -0.8948625   0.20566979  0.2538351   0.52675688 -1.14848731
 -0.529913   -0.55637734 -0.56707578  0.67849102 -0.05078544  0.55833
  0.4403335  -0.5152914  -0.44940789 -0.86846851 -0.97836262 -0.50901833
  0.04956207  0.00734156 -0.81314811  0.24250925 -0.43035245 -1.01580442
  0.94848554  0.14023841], Measures: [0.28481316 0.05247658]
Elite 3: Fitness: 500.0, Solution: [-0.42598806  0.09999004 -0.50535642 -0.50682941  0.73418886  0.47025147
 -1.15890178 -0.69633649  0.7158624  -0.58204696  0.37453854  0.80170635
  0.56314865 -0.18002215  0.47898558  0.00722379  1.15552039  0.14041622
  0.00279402 -0.88068839  0.54852731  0.35912897  0.2607845  -0.80976756
 -0.30721625 -0.77079711 -0.47799279  0.46931414 -0.09936747  0.35196762
  0.23855514 -0.70374525 -0.30344028 -0.80461151 -1.02605774 -0.89603588
 -0.15235033  0.08841345 -0.97478349  0.33338135 -0.26196922 -1.21874381
  1.08559476 -0.09739431], Measures: [0.27224371 0.12020008]
