Elite 1: Fitness: 500.0, Solution: [-0.17892089 -0.3912521  -0.07168039  0.56819477  0.71331152  0.70777165
  0.1342394   0.41113738  0.7175255  -0.08892106 -0.00300158 -0.81712525
 -0.03236796 -0.09083624  0.07828707 -0.5525742   0.72997879 -0.30190497
 -0.58470592 -0.4579423  -1.17839924  0.03237798 -0.70472555 -0.41241564
 -1.02993634 -0.36008667  0.02678472 -0.78781759 -0.26917983  0.14033795
  0.04796437  0.45114103  0.68513013 -0.57534906 -0.44208362 -0.96836037
 -0.59345643  0.14739559  0.06372267  0.54320295 -0.24733919 -0.4398651
  0.56678047 -0.28596225], Measures: [0.06658866 0.05278695]
Elite 2: Fitness: 500.0, Solution: [-0.20871257 -0.64414303  0.1111446   0.46113529  0.68353799  0.83750771
  0.09124289  0.21536452 -0.00663214  0.06147948  0.27433113 -0.9407812
  0.15655587 -0.02492304  0.39776387 -0.65278566  0.70519591 -0.28185627
 -0.60458973 -0.5575517  -0.95425964 -0.02370237 -0.71262907 -0.50752156
 -0.93731612 -0.47396457  0.09568597 -0.67160674 -0.21288226  0.28869579
  0.28004773  0.17997922  0.57128058 -0.63033601 -0.58772857 -1.1806017
 -0.73761407  0.03365375 -0.14141117  0.35192602 -0.18837838 -0.31925941
  0.62383707 -0.09477984], Measures: [0.04467258 0.07253357]
Elite 3: Fitness: 500.0, Solution: [-0.37377656 -0.08635775 -0.69257838  0.20670379  0.6429345   0.54382271
 -0.47885476  0.07286267  0.83354212  0.73998412  0.51172591 -0.77679057
  0.00167215 -0.26772288  0.51452225 -0.64905481  0.21348656  0.5770006
 -0.46329835 -0.57043048 -0.89370711 -0.09907098 -0.69160783 -0.21921582
 -1.33459149 -0.34825749  0.48268371 -0.71740665 -0.3063195   0.1995744
  0.30240763  0.74656299  0.78604491 -1.14124229  0.05888952 -1.12330234
 -0.24215751  0.96910182  0.06116227  1.23060655 -0.68154887  0.01121446
  0.11521512 -0.26560067], Measures: [0.05812672 0.09021605]
