Elite 1: Fitness: 285.64153083901795, Solution: [-0.32600885 -0.49930077 -1.40039678 -0.50335224  1.09361788  0.24670526
  1.03156698 -0.3463951  -1.60066512 -0.71948011 -1.20031816 -0.72536983
 -1.7285031  -1.43305784 -0.87124024 -0.39327588  1.07479627  0.83307563
  0.08006587 -0.40197406  0.69278598 -1.13189546 -0.08654431  1.56172624
 -1.14666842 -0.0090573   0.22585302 -0.89997622  1.61165674 -0.00341576
 -1.48349101 -1.00153107 -0.05768977  0.80016734  1.62076109  0.35323089
  1.46275313  1.21356754  0.38589178 -0.25616269 -0.46229917 -1.02676836
  0.40272382  0.09629701 -1.00521999 -1.96526189  1.08570751  1.87091172
  0.10151491 -0.1390871  -1.85479888 -1.11926505  0.97267296 -0.11259383
 -1.01792638 -1.33385813 -1.57769923  1.15927644 -1.32608951 -0.05449606
 -0.07168064 -0.35914912  0.28475843 -0.50644795 -0.07482264 -1.97858937
 -0.15575583 -0.28747093 -0.45785634 -0.13757337 -0.93747385 -0.41433583
 -1.14565716  0.21273364 -0.83787642 -0.38310871 -1.63817857  0.66023263
 -1.50628308 -1.69171787  1.25922487  1.67844116 -1.83957793  1.27477185
 -0.04530258 -0.23476296  0.04084966 -1.13630144], Measures: [0.32459975 0.53083225]
Elite 2: Fitness: 285.5152777037887, Solution: [-1.98830198e-02 -2.08914277e-01 -1.31159094e+00 -8.79065182e-01
  7.82243558e-01 -1.45156661e-01  8.39993854e-01  1.63414735e-01
 -1.56023227e+00 -5.80922369e-01 -1.34464912e+00 -7.20145899e-01
 -1.72513583e+00 -8.91391762e-01 -1.09009571e+00 -2.64303464e-01
  7.79551332e-01  1.20422014e+00  1.52563698e-01 -7.45022412e-01
  3.77939675e-01 -8.40163705e-01 -5.45305391e-01  1.62600319e+00
 -8.56004522e-01  2.83915690e-01 -1.74363027e-01 -8.10289036e-01
  1.75253592e+00 -2.00043472e-01 -1.29301624e+00 -7.42247166e-01
  2.08135699e-01  9.14524683e-01  1.87685497e+00  6.07425833e-01
  1.81142691e+00  1.30156073e+00  3.10429660e-01 -2.38892950e-01
 -2.26833683e-01 -9.33447209e-01  5.40436358e-01  6.22186609e-01
 -1.41953453e+00 -1.38106409e+00  1.34060959e+00  1.92584872e+00
  1.19221159e-01 -1.38014862e-01 -1.36197110e+00 -1.00920467e+00
  9.25938329e-01 -5.15423702e-01 -1.12604982e+00 -1.10410861e+00
 -1.20272151e+00  1.18269063e+00 -9.30369854e-01 -1.69150213e-01
 -2.87563197e-01 -7.95869164e-01  4.27526829e-01 -3.12889850e-01
  1.21845904e-01 -1.47695863e+00 -2.40024963e-01 -1.25924691e-01
 -8.91173566e-02 -1.04239558e-01 -1.00661956e+00 -2.40773658e-01
 -7.42564849e-01  2.36469487e-01 -9.69221164e-01  1.50454947e-03
 -1.94222708e+00  5.54730390e-01 -1.62506401e+00 -1.61611062e+00
  1.86394613e+00  1.64601428e+00 -1.61589468e+00  1.26350964e+00
 -1.11258774e-01 -3.58884638e-01 -1.85364152e-01 -1.24777357e+00], Measures: [0.31192912 0.47747123]
Elite 3: Fitness: 284.64117760837837, Solution: [ 0.07896717 -0.33963774 -1.18201996 -0.70177491  0.07785493 -0.59202642
  0.88689619 -0.06887029 -1.64990794 -0.31161391 -1.56479074 -0.49284302
 -1.84029497 -1.08897394 -1.10885459 -0.62424488  0.34339955  0.18261361
 -0.23086249 -1.09440456  0.07910255 -1.75084152 -0.44879492  1.76682019
 -0.74091459 -0.31986782 -0.00549229 -0.72336757  1.87004756 -0.57871744
 -1.66718965 -0.90498905  0.40882828  0.2064062   1.81847214  0.93429684
  1.35059011  1.48421634  0.85052345 -0.38948725 -0.39210765 -0.97853484
  0.58781164  0.69760632 -1.14494853 -1.35029021  1.01439722  1.43647486
 -0.54360561 -0.49303951 -1.26399591 -1.84034322  1.40084189 -1.1086444
 -0.69198279 -1.04439766 -1.34058829  1.00141508 -0.77970068 -0.31659663
 -0.28313031  0.55387152  0.91765238 -0.28489365 -0.04977158 -1.60320547
 -0.99568185 -0.23384029  0.39402267 -0.05673738 -1.49927217 -0.62933573
 -0.88639497  0.52144555 -0.07461009 -0.39870393 -1.92620827  1.23152843
 -1.46009997 -1.58484388  1.97120342  1.93051532 -1.24440278  1.24472105
  0.12541493 -0.69286025 -0.02680256 -0.82606233], Measures: [0.21844649 0.60943188]
