Elite 1: Fitness: 281.67868431546515, Solution: [-0.91173372  0.45260742 -0.60456467  0.33856175  1.23831342  0.51701848
 -0.47611317 -0.62205985  1.06150583  0.01842271 -1.06871443  0.43334983
  0.35543785 -1.20794471 -0.99448863 -0.35002081 -1.40684849  0.60749704
  0.54081814  0.29205298  0.47203917 -0.05139877 -0.21762038  0.86020778
  1.45032086  0.7263777   0.99581303 -0.40606087  0.25098366  0.83602339
 -0.07050484  0.62206628 -0.92682739  0.98752257  0.38024948  0.07217871
  0.18156964 -0.8846374   1.25569202  0.47948807  0.23916746  0.52748988
 -0.19490548 -0.08096012  1.44157223 -0.30018084 -0.77272595 -0.45517439
 -1.04188208  0.57355799 -0.16589023 -0.32172627 -0.19133059 -1.27129626
  0.65977945 -0.26147058 -0.44292342  0.29027331  0.17135739  0.87755133
 -0.75358956  0.80690811  0.58083633 -1.18936396  0.95157862 -0.15358713
  0.24974365  0.74075077  0.37968007  0.26010834 -0.85031657 -0.60516174
  1.27252953 -0.04373228 -0.72713335 -0.55287631  0.50044884  1.19559384
 -0.10682885  0.19645566 -0.04452771 -0.45684358 -0.11463034 -0.97032306
  0.3945039   0.50750577 -1.00036194 -0.93249387], Measures: [0.49940198 0.08130808]
Elite 2: Fitness: 279.9621736127582, Solution: [-8.37309334e-01  7.30981437e-01 -7.62289257e-01  3.17159665e-01
  8.63262602e-01  5.18222368e-01 -2.93942241e-01 -9.32539673e-01
  1.12456316e+00  2.63659618e-01 -8.67402154e-01  6.05857662e-01
  4.19562196e-02 -1.04050087e+00 -1.04187338e+00 -6.71712745e-01
 -1.28549189e+00  3.04149744e-01  5.61563139e-01  9.36186111e-01
  3.04658336e-01 -6.68994748e-02  1.10801242e-03  9.14600289e-01
  1.19135838e+00  6.91741159e-01  1.15020047e+00 -5.78016014e-01
  7.49028746e-02  9.42581695e-01  2.70220286e-01  7.70955664e-01
 -6.79391629e-01  4.69609415e-01  5.77618560e-02 -1.60573777e-01
  1.95407752e-01 -8.44610311e-01  1.19483976e+00  7.16446117e-01
  3.80800474e-01  5.65557401e-01 -5.48879485e-01 -1.81329323e-01
  1.44506762e+00 -4.50478435e-01 -9.90204776e-01 -7.54007399e-01
 -7.82264835e-01  1.03371178e+00  9.06442622e-02 -4.09515613e-01
 -1.82797767e-01 -9.70087209e-01  5.64371283e-01 -2.19142715e-01
 -6.41690722e-01  6.97240867e-01 -2.53450992e-03  6.71021058e-01
 -1.01617017e+00  5.22332529e-01  4.28949383e-01 -1.07960522e+00
  7.21334223e-01 -3.65672330e-02 -1.21785247e-01  7.77600758e-01
 -1.76601043e-02  5.14736451e-01 -8.87271059e-01 -3.49311451e-01
  1.02852905e+00 -8.72499484e-02 -8.36420197e-01 -3.55499003e-01
  4.24448586e-01  6.49386092e-01 -1.44285536e-02  2.42855912e-02
  7.96460531e-02 -2.89261480e-01 -2.97856452e-01 -7.09581775e-01
  7.13804085e-01  5.55561730e-01 -7.75970423e-01 -7.56956693e-01], Measures: [0.580717   0.08502342]
Elite 3: Fitness: 279.8549496474416, Solution: [-1.28491128  0.91460214 -0.58833989  1.28950114  1.0335786   0.20978288
  0.35293612 -0.73661634  0.99973005  0.55284339 -0.65708147  0.98382918
  1.10661623 -1.24944978 -0.361742   -0.49511002 -0.722392    0.88792394
 -0.13449772 -0.01450762  0.61240663 -0.0136124  -0.42857769  0.89112764
  1.09914432  0.57950173  0.87114149 -0.70657854  0.55066796  1.33626538
 -0.33591011  0.67794985 -0.80818155  0.15731923 -0.01459487 -0.26221821
  0.2776021  -0.98939202  0.29692017  0.55649187 -0.06629754 -0.07604016
  0.11005739  0.39599371  1.00342554 -0.76259734 -0.92175607 -0.96555013
 -1.6218973   0.69083683 -0.57173736 -0.68958139 -0.34463306 -0.05128583
  0.13989383 -0.62771398 -0.22909198  0.57005672 -0.46912326  0.4026191
 -0.56292502  1.20594986 -0.15561225 -0.97868111  1.60417641  0.24377083
  0.43799219 -0.29682405 -0.11325161  0.20934783 -0.85740421 -0.56664174
  0.64390798 -0.37517222 -0.63970907 -0.01964745  0.11722984  0.27314624
 -0.26444566  0.11546033 -0.01340187 -0.45491575 -0.2434963  -0.88233608
  0.53982845  0.17603558 -0.68375102 -0.72979686], Measures: [0.37187845 0.09356898]
