Elite 1: Fitness: 500.0, Solution: [ 0.53277817  0.40177342 -0.66060604 -0.96816746 -1.64225429  0.07590765
  0.23512897 -0.22392482 -0.64713807  1.30276886  0.7366343   0.49386952
 -0.04974347  0.02391197  1.18087489 -0.04371555  0.70775678  0.34466027
  1.16119653 -0.65858123  0.50434004 -0.66281254 -0.22958748 -0.35536675
 -0.68089044  0.88547837 -1.10851679 -0.21098766  0.25051227 -0.26303282
  0.39131121  0.46209309 -0.15429343  0.30022539  0.00711595 -0.43265827
 -0.23731225  0.45499146 -0.08838688  0.52075729 -0.28776258  0.28681168
  0.30326257  0.74248509], Measures: [0.08796514 0.08327232]
Elite 2: Fitness: 500.0, Solution: [ 0.93992125  1.68770569  0.04406792 -0.45457831 -0.95020941  0.16962125
 -0.2495023   0.12357915 -0.6571494   1.3578438   0.56360191  0.94769392
 -0.18085206  0.12544118  1.55949887 -0.29818071  1.12586585  0.53399394
  1.1847183  -0.85514252  0.45472607 -0.78807984 -0.26057986 -0.35041997
 -0.81144666  1.89417725 -0.93432647 -0.29384706  0.21368413  0.17869905
 -0.09201883  0.50185457 -0.42737667  0.13052407  0.00631286 -0.9769186
 -0.07302002  0.68062535 -0.48503535  0.53059648 -1.06641576  0.05225442
 -0.05428034  0.96508008], Measures: [0.06200843 0.18892452]
Elite 3: Fitness: 500.0, Solution: [ 1.40894818  1.46137974 -0.69597631 -1.16802007 -1.14147324  0.16105234
  0.12794026 -0.19494293  0.43628827  1.26275254  1.3593029   0.92407664
  0.28686885  1.1330436   1.35728928 -0.2967206   0.68640481  0.69581679
 -0.18525453 -0.99274997 -0.43983667 -1.62420968 -0.25507455  0.82791079
 -0.56622117  0.78059057 -0.81453736 -0.10785705  0.17127118 -0.81336064
 -0.08355486  0.70452624 -1.27911317  0.44000514  0.18818586 -0.69858633
  0.37068     0.41273315  0.00714097 -0.6289946   0.36333814  1.20857607
  0.53032091  0.23306065], Measures: [0.1929356  0.07944548]
