Elite 1: Fitness: 277.317598075644, Solution: [-1.42313352e+00 -7.55855319e-04 -1.96677044e-02 -1.34003729e+00
 -1.76732896e+00  1.79512463e+00 -2.00000000e+00 -2.00000000e+00
  1.55397957e+00 -8.63156528e-02 -1.66850826e+00 -1.31832023e-01
  5.19796075e-03  1.26002420e+00 -6.21411382e-01  1.43013509e-01
  1.14795256e-01 -2.12771807e-01  7.42780178e-01 -4.25739951e-01
 -7.19019426e-01 -5.01700685e-01 -4.86405677e-01  7.49797525e-01
 -1.07759054e+00 -5.76957218e-01 -2.58937249e-01 -1.06644872e+00
 -1.18468965e+00 -1.42849148e-01  3.85498402e-01  5.69542522e-01
 -6.73641439e-01  5.78360771e-01  7.42033119e-01  4.42802132e-01
  8.78199519e-01 -6.74607774e-01 -1.12856966e+00 -1.13036959e-01
  8.09914302e-01  6.94861804e-01  4.22049363e-01 -1.32981131e+00
 -6.23715190e-01  8.80680316e-01 -1.18304405e+00  4.16174437e-01
 -4.71270800e-01 -7.29805082e-01 -4.62970605e-01 -7.89425962e-01
  2.99789831e-01 -4.10323027e-01 -7.60271461e-01 -1.26471333e+00
  1.49026665e-01 -2.28588387e-01  6.38097468e-01 -1.31198106e+00
 -6.77780820e-01  2.06008849e-01  1.30192957e+00  2.53620594e-01
 -6.73547117e-01 -8.21225242e-01 -1.02433918e+00 -9.43237813e-01
 -1.86329898e-02  1.40016621e-01 -2.86581839e-02 -4.44360621e-01
  1.16031298e+00 -7.76655501e-01  4.50827514e-01  3.95710360e-01
 -9.91085509e-01  1.93636472e-01 -3.85401120e-01  6.52928600e-02
  5.04681267e-01 -5.07781636e-01 -3.13565595e-01  8.07325249e-02
  2.00339565e-02  2.62249498e-01  1.04058168e+00  1.03488536e+00], Measures: [0.46575898 0.43349095]
Elite 2: Fitness: 275.19009235898807, Solution: [-1.49027861  0.61416463 -0.17713997 -0.7881706  -2.          1.87286889
 -1.59785932 -1.93949837  1.40949902  0.07885033 -1.55407258 -0.32117836
  0.35781242  0.56949094  0.06935927  0.25349319  1.06926855  0.45025202
  0.85936819 -0.58957195 -0.36500144 -0.42262513 -0.19569275  0.88881269
 -0.56666259 -0.09380169 -0.26268912 -1.01344542 -1.06708613  0.26893646
  0.53998779  0.76948058 -0.69084255  0.70531641  1.19101391  0.60831426
  0.36077138 -0.45762202 -1.07142078 -0.44273755  0.36453878  0.68339161
  0.32152998 -1.64452635 -0.64652114  0.64106856 -1.81318401  0.54960003
 -0.38677236 -0.45234757 -0.40079649 -1.04275857 -0.31414538 -0.33015332
 -0.97819935 -0.97286554  0.61661483 -0.07035191  0.27656052 -0.42769156
 -0.7659978  -0.01016111  0.988379    0.314178   -0.76271568 -1.39436492
 -0.85359201 -0.49742189  0.15263203  0.25410272  0.0274529   0.75533239
  1.53523589 -0.90799219  0.51437854  0.67264914 -1.2619084   0.95523915
 -0.36045069  0.1671735   0.54448689 -0.81657334 -0.00899218  0.14149414
  0.34426726  0.28425036  1.01297812  1.03424161], Measures: [0.3234762  0.45447459]
Elite 3: Fitness: 266.25924892381266, Solution: [-0.6781471   0.31265432  0.57748045 -1.05906483 -1.57779329  0.58898412
 -1.04528599  0.38258285  1.30663485 -0.06231781 -0.12062548  0.07595944
  0.75908719  0.5459626  -0.75057426  0.94652224  1.13409845  0.55334611
  0.78078887 -1.13533066 -0.51344986  0.15885607  0.30966022  0.86401462
 -0.10366799  0.13096234  0.19342088 -1.3417754  -0.85772654  0.06602009
  0.39279939  0.48661223 -0.85702324  0.36084577  0.08322913  0.67859116
  1.08420625 -0.60930117 -0.72425622 -0.34513768 -0.12729027  1.29918959
  0.03114187 -1.75276501 -0.27575498  0.57040002 -1.94727381 -0.03746899
 -0.14957562 -0.98201053 -1.24043065 -0.85648618 -0.05926849  0.14758497
 -0.15353745 -0.97601706 -0.05465219  0.03059461 -0.53909729 -0.23550287
 -0.99003518  0.20119364  1.34539113 -1.10763897 -0.93688811 -0.26593418
 -1.62958175 -0.82801412  0.56058276  0.63376271 -0.30615869 -0.9949663
  0.63943964 -0.52318318  0.42692165  0.47259531 -0.29361778  0.81438696
 -0.47743921  0.15998218 -0.07363492 -1.17016711  0.13909019 -0.408555
 -0.4842153   1.21374764  1.00564026  1.32785268], Measures: [0.49239608 0.27853071]
