Elite 1: Fitness: 500.0, Solution: [-0.50088936  0.29682036  0.2907395  -0.58595386 -0.66464377  0.76773905
 -1.02013694  0.32217087  1.15401604  0.30382552 -0.8649449   0.99082673
  0.63370267  0.51803086 -0.32552735  0.95604109  1.02093166  0.1427541
  0.3606496  -0.65411069 -0.17935892  0.48648013 -0.03159201  0.84968825
  0.08112511  0.02087204  0.37899063 -0.99427623 -1.20383013  0.16665219
  0.13602133  0.29390523 -0.69842282  0.29360077  0.27276171 -0.13641397
  1.01169426 -0.99757271 -0.32992894  0.3319099  -0.36683079  0.73480507
  0.3753765  -0.92070582], Measures: [0.08011142 0.05996481]
Elite 2: Fitness: 500.0, Solution: [-0.40541356  0.25577144  0.13691601 -0.38616661 -0.58907112  0.86558532
 -0.85060839  0.36271445  1.2029613   0.10503715 -0.84037219  1.04484283
  0.68137573  0.44631244 -0.24727131  1.14421206  0.9043232   0.09094113
  0.29534441 -0.75918176 -0.29415465  0.18105029  0.03883386  0.85279334
  0.13189073 -0.19462669  0.33898802 -1.0049251  -1.04932519  0.35408737
 -0.06920728  0.41267226 -0.7716205   0.27872302  0.45450335  0.11994874
  0.90197923 -0.95280492 -0.22268167  0.21748326 -0.44559613  0.82670208
  0.50068724 -1.20873378], Measures: [0.11909251 0.07677088]
Elite 3: Fitness: 500.0, Solution: [-0.41795862  0.04895088  0.48663287 -0.52150147 -0.91539188  0.89523656
 -1.02946407  0.08161308  0.82997428  0.26121291 -0.8671563   0.78353323
  0.78669888  0.54633567 -0.56914652  0.76154596  0.91756759  0.05761182
  0.66849228 -0.72341291 -0.44033095  0.67000563 -0.10936213  0.58861668
 -0.05011924  0.02696296  0.28974482 -1.05643654 -0.67375725  0.51353142
  0.6706033   0.48651739 -0.45174021 -0.05760223  0.77862191  0.13474664
  0.64684341 -0.77064005  0.17732026 -0.02858515 -0.57110093  0.76816499
  0.47667552 -0.84719742], Measures: [0.23006544 0.06304102]
