Elite 1: Fitness: -104.0, Solution: [ 0.67612787 -0.05098743  0.9766711   0.37010185  1.29851594 -0.12637506
 -1.46999184 -0.85550876 -1.48978952 -0.8937666  -0.80564945  0.86165352
 -1.12030078 -1.18864023 -0.9484992   0.91286219  1.71813035 -1.97034024
 -0.11700176  0.96410865 -0.03723016  1.12464605  1.26198581  0.3498398
  0.21218555 -0.09472366  1.04124465  0.20019421 -1.41323731  1.49258236
  1.00733343  0.8168139   0.25539673  0.38651815 -0.06998816  0.70923951
  1.66212544  0.58861422 -1.15225871  1.17141993  0.5079089   1.23873477
  0.21115286 -0.67977527 -0.3942917  -0.20108152 -0.43763232  0.97713241
  1.61472426 -0.25959294  0.89188465 -1.73065603 -1.16179771 -1.07248038
  1.51671802 -0.59226457 -0.4621518  -1.3722348  -0.84595439 -0.63329217], Measures: [0.58478644 0.82250327]
Elite 2: Fitness: -104.0, Solution: [ 1.05097368  0.0171435   0.85293425  0.65888206  1.24975842 -0.40100915
 -1.76920581 -1.72112945 -1.13760256 -0.78637051  0.18803047  1.05713383
 -1.41231297 -1.05326379 -0.79343935  1.11831831  1.53288492 -1.37416641
  0.45114609  0.17341327  0.06392548  1.01503334  0.84985251 -0.50049379
  0.31896167  0.4171581   1.07899652  0.85786005 -1.24901564  1.17470364
  1.09561292  1.00696243 -0.3660666  -0.28916451 -1.07647771  0.78102918
  1.04178297  0.15328191 -0.05498398  0.77638616  0.86789042  0.55287914
  0.09590235 -0.92888497  0.07357547 -0.65580123 -0.47921465  0.54400352
  1.62051485 -0.58949073  0.44050059 -1.93814649 -0.97919713 -1.11083925
  1.40908982 -0.72726622 -1.44361186 -0.52855413 -1.37970312 -0.74078186], Measures: [0.4855693  0.81472308]
Elite 3: Fitness: -105.0, Solution: [ 1.07751454 -0.1755076   1.2237493   0.69852221  0.51800348 -0.30622385
 -1.04789452 -1.15995472 -0.38081707  0.03595827 -0.59232676  1.36358683
 -0.72992303 -0.98032239 -0.8536867   0.21382261  1.39938533 -1.2911948
  0.41870079  0.18209209  0.40661823  1.45246732  1.29471873  0.64921414
  0.19005793  0.3695875   1.71516116  0.84071286 -0.54515512  0.86644669
  1.31377181  1.00748363 -0.09290205 -0.38779425 -0.25816651 -0.26927491
  1.2120302   0.53664434 -1.19420923  1.13826959 -0.23756787  0.77955199
 -0.59017785 -0.81599293 -0.97116851 -0.2859727  -0.29980907  0.39695506
  0.7684812  -0.37882903  0.20700234 -1.22541663  0.05735737 -1.32511174
  1.09619868 -0.4939289  -0.88890342 -1.39736913 -1.03700806 -0.44589711], Measures: [0.59590404 0.30785273]
