Elite 1: Fitness: -84.0, Solution: [ 0.37974418  1.08610126 -0.18151241  0.33402168 -0.18335042 -0.54451472
 -0.99600339 -1.17403023  0.73957947 -0.40113011  0.15024694  0.91825703
 -1.2545206  -1.3748869   1.1670921   0.79962323 -0.69844896  0.19713623
  0.51048696  1.55810177 -0.02530081  1.48482846 -0.24004957 -0.4014334
  1.44158334 -0.62939162  1.11442669  0.29722049 -1.01769442 -0.85474694
 -0.44276613 -0.77184343 -0.77341978 -0.17085064 -0.89453756  1.599815
  0.96639235 -0.68451419  0.463593   -0.57612603  0.71932984 -0.92945502
 -0.27230092 -0.14369103  0.79494387 -1.15908694  0.80694405 -0.18493785
  0.10237563  0.28743778 -0.44824015  1.48332392 -0.17614743  0.29156531
 -0.87418265  0.93983481 -0.91887875 -0.30877378 -1.34261729 -0.38815527], Measures: [0.40220901 0.15915289]
Elite 2: Fitness: -84.0, Solution: [ 1.58049133  1.0810874  -0.41793424  0.32114091  0.24709077 -0.36926017
 -1.37045409 -1.51869206  1.18851402 -0.3348674   0.27069756  0.9953152
 -1.0984099  -0.69459263  1.50612969  0.28136101 -1.32526025 -0.00666724
  0.95106689  1.4830664  -0.46602606  1.44418929  0.12597616 -0.06979727
  1.44395772 -0.9314809   1.45527044  0.22385915 -0.58838715 -0.79045022
 -0.15840667 -0.4612611  -0.71469297  0.4552875  -1.22989474  1.50641198
  1.16058675 -1.29333314  0.68395722 -0.37199664 -0.23999362 -1.12883113
 -1.08612549 -0.4910548   1.07123945 -0.84404406  0.91748976  0.34043107
 -0.59852725  0.65495945 -0.71783428  1.43803926  0.49651464 -0.46473733
 -1.4140963   0.84581675 -0.35102014 -0.56242628 -1.58858563 -0.79602386], Measures: [0.62560943 0.30425235]
Elite 3: Fitness: -84.0, Solution: [ 1.44650407  0.72715832 -0.38900725  0.38471747  0.22325939 -0.84906537
 -1.46290693 -1.54072154  1.21949296 -0.33750524  0.51308935  1.28465416
 -1.13085822 -0.76943398  1.17427356 -0.14243259 -1.35329694 -0.12464326
  0.81426238  1.38352118 -0.41556402  1.5775595   0.08676184 -0.41316922
  1.27991838 -0.5291555   1.28377928 -0.25321101 -1.17306034 -0.7309282
 -0.31544589 -0.36441189 -1.02275015  0.40792025 -1.15191911  1.60628129
  1.70945592 -1.47023536  0.93353792 -0.6528062  -0.12860385 -1.1780933
 -0.98022453 -0.58368268  0.67677923 -1.20301076  0.85535917  0.35230381
 -0.41212014  0.29717744 -0.42365189  1.58097366  0.4900055  -0.2883805
 -1.29105929  0.98745711 -0.6731203  -0.26795177 -1.14178105 -0.69468473], Measures: [0.59591653 0.42330843]
