Elite 1: Fitness: -110.0, Solution: [ 0.29107641  1.3078168  -0.10745446 -0.34706368 -1.29827781  0.18219193
 -1.22233347  1.4013107   0.68141308 -0.14035888  1.50722723  0.39517654
 -0.59995395  0.82760918  1.01447714 -0.14751468  1.45992772  0.73318743
 -0.11911536  0.53343529 -1.32360335  1.08981207  0.64354669  0.86984049
 -1.08358163  0.28006217  1.38799021  0.03117272 -0.80506465  1.04718667
  0.20997495  0.45726685  0.17440755  0.28703108  1.20693751  0.06385966
  0.8742957   1.1445986   0.04890527  0.06583055  1.26447794 -0.53745104
  1.22419967 -1.07803538 -0.31593188  0.0649167  -0.61521709  0.24434184
 -1.35699479 -0.35414142  1.10214026  1.34593477 -1.5694636  -0.51744218
 -1.42194751 -1.35113139  0.02109873 -0.08481027 -1.17895067  0.74803213], Measures: [0.35844831 0.33534407]
Elite 2: Fitness: -111.0, Solution: [-0.27185339  0.69452246 -0.1040465  -0.30376723 -1.54202027  0.85902952
 -1.84152317  1.71594859  0.54779314 -0.29215346  1.53139034  0.48962238
  0.16261148  0.87865739  1.02613507 -0.30040171  1.51163887  0.91050875
  0.12741801  0.99903321 -1.38512317  1.51432176  0.82470286  0.34991188
 -1.24717781  0.23570311  0.88356826 -0.29897823 -0.3516039   1.13934642
 -0.13818634  0.4120994   1.01385183 -0.0742182   1.11274936 -0.37702858
  0.59699839  0.61253641 -0.72027374  0.48064967  1.48113911 -1.24826001
  0.53978549 -0.76318127 -0.62287877  0.05513782 -0.36089621  0.51581517
 -0.68762863  0.25841333  1.02006502  0.95710313 -1.18756516  0.74961874
 -1.50771378 -1.03284227 -0.74229511 -0.60281029 -1.08888308  1.09928231], Measures: [0.25093663 0.56327129]
Elite 3: Fitness: -111.0, Solution: [-0.0727422   0.92095598 -0.02144499 -0.29745198 -1.10942943  0.51767806
 -1.74755829  1.59912826  0.3033559  -0.4404988   0.9039409  -0.01005196
 -0.22017902  0.76435618  0.95730142 -0.61925461  1.27885184  0.94453801
  0.85947729  0.31531377 -0.53013739  0.61697684  0.87931407  1.12954237
 -1.11299523  0.96124029  0.96588551  0.0611577  -0.48937507  1.64177133
  0.67185542  0.5612031   0.92994911  0.68678713  1.51836112  0.07502421
  0.7433727   0.97953512 -0.81054074  0.7411056   1.61788976 -1.15782414
  1.08315498 -1.12892157  0.79072201 -0.21105407 -0.90149541  0.27265958
 -1.71365    -0.30198866  1.15302461  0.93387365 -1.65656575  0.29930692
 -0.98325749 -1.01622677 -0.21968711 -0.50003417 -0.44427712  0.9639653 ], Measures: [0.26425677 0.44852867]
