Elite 1: Fitness: 500.0, Solution: [-0.50614692 -0.90311037  0.03218507  0.98466896 -0.83194962 -0.06110443
  0.33104124 -0.4452977   0.93424838  0.34633259 -0.66045065  0.82225134
  1.23007465  0.78103137 -0.92078237 -0.23183419  0.05848892  0.39381206
 -0.53351456  0.06223455 -0.82938069 -0.90952149 -0.06442564  0.44684155
 -0.40200289 -0.07121284 -0.56883699  0.40724789  0.86962537 -0.31788396
 -0.71133265 -0.49708578 -0.63026964 -0.47747301  0.18407521  0.98964654
 -0.44412096  0.79788312  0.99259569  0.81360538  0.38686457 -0.03846912
  0.29074538  0.78790461], Measures: [0.09436852 0.0756858 ]
Elite 2: Fitness: 500.0, Solution: [-0.28008847 -0.73345692  0.14382961  1.16488681 -0.5571409  -0.1613088
  0.24426674 -0.21573561  1.13414705  0.41419412 -0.72752913  0.73094895
  1.02263727  0.75941399 -0.83388218 -0.21607889 -0.04375667  0.192535
 -0.50707368 -0.18896897 -0.88144329 -0.6004692  -0.22289796  0.25048849
 -0.12988228 -0.17067093 -0.62271532  0.61928138  0.89552552 -0.32025175
 -0.57090033 -0.55777837 -0.67999509 -0.46727793  0.42154532  0.73690985
 -0.4171156   0.816839    1.01243071  0.74898375  0.32717555  0.12814124
  0.19097793  0.96555771], Measures: [0.14029915 0.07059086]
Elite 3: Fitness: 500.0, Solution: [-1.13990287  0.23751005  0.3519155   0.27503062  0.21163872 -1.00753782
 -0.72483086 -0.37826122  0.03670282 -0.4111153  -1.18631107 -0.88327389
  0.73549156  0.9101647  -0.56341423 -0.41263296  1.08325816  0.99411134
 -0.21846995  0.90566727 -0.01352708  0.13213673 -0.5811971   0.4645971
  1.0216579  -0.35461598  1.13381083 -0.85754952  0.50349362  0.58978273
 -0.47823314  0.49852572 -0.95400893 -0.79814158  0.32048243  0.64000914
 -0.60075273  0.276398    0.65790173 -0.88680537 -0.29098193 -1.06295919
 -0.02975681 -0.40223808], Measures: [0.14445125 0.13716917]
