Elite 1: Fitness: 500.0, Solution: [ 0.80814047  0.03967768 -0.42163604 -0.1992337   0.93459764 -0.0746945
 -0.57983143 -1.22124293 -1.10040784  0.67653637 -0.30477226 -0.61618747
  0.17177315 -0.17724034  0.50038972  0.99537207 -0.95852192 -0.90087946
 -0.46395585 -0.22991392 -0.05306448  0.85123192  0.06191756 -0.4180368
  0.01106481  0.2262068   0.87014927 -0.42352837 -0.87875481  0.41927736
  0.60061269  0.39898959  0.36110725  0.43040125  0.20241698 -0.52896496
 -0.26445766  0.5968542   0.32967313  0.27095207 -0.07776603  0.40023968
  0.84293454  0.59570524], Measures: [0.0341983  0.07290475]
Elite 2: Fitness: 500.0, Solution: [ 7.49766404e-01  9.70867905e-02 -4.08370367e-01 -1.61040801e-01
 -2.92324250e-03 -3.53071471e-01 -4.38847961e-01 -1.16075420e+00
 -7.81085424e-01  6.33239878e-01 -1.13913579e+00 -3.85810741e-01
  5.63084416e-01 -5.18858708e-01  1.31627341e+00  1.19232301e+00
 -8.11072948e-01 -8.15808112e-01 -7.00815166e-01 -3.82341849e-01
  3.27140099e-02  8.69249576e-01 -6.22381101e-01  7.54820130e-02
  6.26363329e-01  7.60379548e-02  5.60025894e-01 -9.46330882e-02
 -7.00236399e-01  5.70514830e-01  4.96211140e-01  2.41023988e-01
  1.86232716e-01  2.58712403e-01  1.69758870e-01 -5.93438713e-01
 -2.85395634e-01  1.22967994e+00  6.00731870e-01  8.29573886e-02
 -7.71223680e-05  4.12825717e-01  1.52908227e+00  7.96768983e-01], Measures: [0.0668141  0.11195866]
Elite 3: Fitness: 500.0, Solution: [ 0.69985968 -0.32482692  0.0228042  -0.23034331  0.49368346 -0.15180161
 -0.5450598  -0.71590756 -1.13258702  0.41269892 -0.56621725 -0.93018245
  0.18594407 -0.12845307  0.41428001  0.7369527  -0.73863757 -0.85335473
 -0.76397972 -0.24018081 -0.27082007  0.81424257  0.21475319 -0.33373245
  0.11387542  0.22543716  0.86714615 -0.38269017 -0.40180384  0.49586724
  0.49802146 -0.05538972  0.41633543  0.40588604  0.1659979  -0.85159672
 -0.04411648  1.06480747  0.38015348 -0.0349945  -0.22363806  0.13356565
  1.1901884   0.59161635], Measures: [0.10490058 0.04277005]
