Elite 1: Fitness: 252.5363010938955, Solution: [-0.08315119  0.35670702  0.11436076  1.85893303  0.70987286 -0.35929877
  1.6338527   0.63446552  1.1070464   1.79133874  1.70442405 -0.07925824
 -1.8472364  -0.27473191  0.9810309   0.5324611   0.02616381  1.49125231
  0.99170207 -0.74221989  1.87035334 -0.1188455   1.40854454 -0.67910438
 -1.51899439 -0.56003886  1.69903483  1.03381001 -0.33676684 -0.48780708
  0.20354919 -0.29507285 -0.1573971   1.59850333 -0.91776689  0.48540048
  1.81456988  0.76945235 -0.0594093   0.18256906  0.23164555  1.59038839
  1.43907441  1.02437833  0.07631414  0.92056343  0.66725643 -0.66285029
  0.27273752 -1.41760896  1.53500116  1.60613119 -0.66504088  0.54954608
 -0.10015796 -1.46160497  0.88659788 -1.12460846  0.19288891 -0.65686934
  0.64322093  0.02918899 -1.53276372  1.09522529 -0.33908692  1.38580362
  1.61556763  1.75820939  1.58796453  1.35891237 -1.9955401   1.80012356
  0.21974399 -1.23122138  1.27556671  0.89075492  1.02727202  1.61703385
  0.65141004 -0.4703484   0.14469819 -0.30345223 -0.58164228 -0.87334976
 -0.94605121  0.78316924  1.5980296   1.00831118], Measures: [0.40579896 0.79858107]
Elite 2: Fitness: 252.04331287661185, Solution: [-0.78069317  0.30118265 -0.65413887  0.96585657 -1.90485198 -0.52890664
  1.54196078  1.68707671  0.42503133  0.58842919  0.30101548 -1.26029162
 -1.27050918 -1.74957111  1.88191796  1.85185033 -0.36628267 -0.36211154
  1.12988223  1.25880598  0.66891232 -0.26094207  1.21789521 -0.14703223
 -1.83439573  0.08128058  0.30901785  0.82193551 -0.93528595 -1.06572046
  0.90269256 -0.9546624   0.32828371 -0.34319436 -0.91220174 -0.73917295
  1.53383046  0.47350466  1.48031995  1.32789246 -0.50565872  1.78828226
  1.35094732  1.84323772 -0.03024231  1.69118711  0.27204277 -1.49348734
 -0.49144641  0.43761549 -0.69486951  1.32892352 -1.01548967  0.12581749
  0.24546219 -1.91544592  1.42556048 -0.78286068  0.0989872  -1.18489876
  0.65068365 -0.40641887 -0.41160041  1.00526319 -1.23438235  0.71666555
  1.26556633 -0.98781227  1.47805389  0.51145962 -1.73208095  1.58289707
 -0.40983836 -0.47747437  1.48896056 -0.16044671 -1.27286009  0.74291439
  0.50615249  0.74400927 -0.57340802 -0.53891788  0.2116508  -1.06438088
 -0.96462868  0.11465418  0.9713993   0.47639561], Measures: [0.50788179 0.85577719]
Elite 3: Fitness: 250.90482005709003, Solution: [-0.60703472  0.20132437 -1.70387261  1.57163484 -1.84259404 -0.79580191
  0.67784993  1.81068848  0.41157852  1.73599948  0.38440809 -1.55640589
 -1.58765635 -1.52321204  1.78252485  1.72467703  0.1341365  -0.47102196
  0.99071815  0.8170343   1.16409324 -0.66410643  1.42140729  0.17844185
 -1.34365819 -0.51036759  0.12795852  1.2506984  -1.30962325 -0.52961061
  0.70546421 -0.94685406  0.05844399  0.27630094 -1.28711916 -0.54139678
  0.84895526  0.63496393  1.77599593  0.81067231  0.51443369  1.07524839
  0.71056017  1.42030076 -0.77506156  1.79440843  0.15117994 -0.59037132
  0.45265282 -0.42711391 -1.50172601  0.54521164 -0.69750939  0.10841572
  0.13180545 -1.48430293  1.96907736 -0.27025348  0.20735319 -0.57483478
  0.04980395 -0.2059151  -0.31300393  1.10978667 -1.52383699  0.50740785
  0.95120176 -0.60388496  1.08383698  0.40252207 -1.67052728  1.8874771
  0.02851819 -0.55493522  1.74163083 -0.7394815  -0.94639802  1.32752847
  0.52217924  0.70569987 -0.1635157  -0.96275559 -0.48602956 -0.70852225
 -0.39860331  0.20826771 -0.03065543  0.52342174], Measures: [0.54871488 0.78017548]
