Elite 1: Fitness: 249.71418345014246, Solution: [-0.73922777 -0.83345459 -0.22488425 -0.10187645 -0.75613443 -0.10744732
  0.90569407 -0.58810343  0.06955204  0.55745299  0.68549204  0.51605853
 -0.16788465 -0.21215078  0.23111334 -0.12226677  0.21865224  0.25832347
 -0.62241828  0.90778933 -1.29403985  0.36982719 -0.27425685 -0.31688929
 -0.88768209 -0.96123806  0.06128763  0.53807315  1.05692393 -0.74108487
 -0.11786956  1.42541769  0.59333247 -1.53067272 -0.23923667 -0.05115776
 -0.0063404   0.47270722  1.37237262 -0.12274935 -0.84178507  1.13405987
 -0.63363932  0.13572586  0.52273352  0.15142025 -1.03466788  0.69053186
  0.77782437  0.20734909  0.79051939 -0.97956531 -0.90494176  0.32155551
 -0.09900952  0.66909277  1.40569789 -0.00615729 -0.47481284 -0.96769792
  0.04061343  0.18534697 -0.23035433  0.84299057  1.16148116  0.7883376
  0.47342465  0.45330557  0.9296735  -0.0923624   0.66880516 -0.65130258
  1.2565731   0.25490998  0.05599993  0.99760898 -1.4927134  -0.62796118
  0.71622594  0.17407487 -0.10659513 -0.06689632 -0.80798898  0.33867742
  0.39188387 -0.11872446 -0.58135942  1.16399584], Measures: [0.55256654 0.17155367]
Elite 2: Fitness: 246.31830415255826, Solution: [-1.04344383e+00 -1.10968365e+00 -2.07377468e-02 -2.89159006e-02
 -7.37528413e-01  5.30551703e-02  7.05754862e-01 -5.92708876e-01
  4.65552624e-01  6.15606251e-02  2.86181282e-01  1.66616969e-01
  1.03612546e-01 -1.70118534e-01  7.93631796e-01 -2.78798348e-01
 -2.87596068e-02  6.28641331e-01 -6.58154391e-01  1.29631286e+00
 -1.21502306e+00  3.32840549e-01 -1.76774493e-01 -6.07677595e-01
 -9.02372291e-01 -1.05057113e+00  1.69172409e-01  6.28158002e-01
  1.21383787e+00 -7.05614759e-01  2.18944757e-01  1.29283823e+00
  3.18053626e-01 -1.84466875e+00 -1.36652093e-01 -5.10212119e-01
 -1.57453566e-01  3.04781192e-01  7.64262736e-01 -4.03608239e-02
 -8.41708287e-01  1.30814596e+00 -1.37847301e-03 -1.30747048e-01
  5.70493149e-01 -1.95645911e-01 -9.75902520e-01  4.77739385e-01
  3.39216176e-01  2.25139987e-01  1.18721011e+00 -1.09783791e+00
 -8.29327912e-01  2.75211755e-01  5.13685478e-02  5.11755990e-01
  1.52355256e+00 -6.00676794e-02 -8.05533028e-01 -7.18756010e-01
  1.76361525e-01  2.77443181e-01 -1.69736212e-01  8.77641943e-01
  1.18361658e+00  8.31962249e-01  4.84163026e-01  5.43177129e-01
  8.53699463e-01 -7.22945285e-02  4.82331060e-01 -6.93916696e-01
  1.05612428e+00 -1.47814231e-01  1.56129140e-01  1.16993068e+00
 -1.28762940e+00 -3.97679251e-01  5.84190677e-01  2.10687516e-01
  5.71214064e-02  1.01847443e-01 -9.77938850e-01  1.59249388e-01
  7.23401379e-01 -6.46181970e-01 -9.63194408e-01  1.41786493e+00], Measures: [0.49917019 0.15107672]
Elite 3: Fitness: 246.1289328367241, Solution: [-6.10852583e-01 -7.18573986e-01 -2.13513532e-01 -1.79387064e-01
 -7.57457214e-01  2.30105681e-02  6.12192459e-01 -4.57392930e-01
  1.10733405e-01  5.88518707e-01  9.10710800e-01  6.93369141e-01
 -1.05324969e-01 -1.68507382e-01  1.44432048e-01  9.15347198e-02
  3.22891887e-01  2.81443130e-01 -3.81071246e-01  8.99575025e-01
 -1.63484593e+00  4.75993729e-01 -2.93261852e-01 -3.07283755e-01
 -1.12401990e+00 -9.89999515e-01  5.52608722e-02  6.32977743e-01
  1.16795595e+00 -6.22259013e-01  2.39684712e-01  1.56463996e+00
  5.22071648e-01 -1.68201097e+00 -2.61277287e-01 -1.55533133e-01
  8.79217152e-02  4.89978747e-01  1.21778649e+00  1.84537598e-02
 -1.06431659e+00  9.88854907e-01 -5.19969750e-01  1.90702133e-01
  4.23108188e-01  4.50556069e-03 -1.00078701e+00  6.37272308e-01
  8.30539520e-01  8.75016463e-02  7.36924407e-01 -7.45659250e-01
 -8.01063841e-01  2.58078327e-01 -5.84546143e-02  1.09481025e+00
  1.18331364e+00 -1.26736815e-01 -6.45556012e-01 -6.30241458e-01
  1.73834731e-01  2.44949548e-01 -2.24358801e-01  1.04471154e+00
  1.29265315e+00  7.07034579e-01  9.56376967e-02  3.18517396e-01
  1.00276297e+00 -3.75076143e-01  7.62755384e-01 -6.63027078e-01
  1.19303265e+00  1.01236673e-01  1.15600486e-03  1.02555802e+00
 -1.45213348e+00 -4.98855130e-01  5.54230761e-01  3.52965991e-01
 -2.97694365e-01 -1.70419265e-01 -7.73608993e-01  3.34738154e-01
  6.40697010e-01 -2.97516873e-02 -7.42082576e-01  1.10436274e+00], Measures: [0.43998896 0.19972541]
