Elite 1: Fitness: 500.0, Solution: [-0.19802573  0.52587297  0.17440038 -0.61410117 -0.78701306 -0.04570608
  0.46339837 -0.46274001 -0.82779241 -0.51648148 -0.58444712  0.46308658
 -0.73271676  0.5049216  -0.35156606  0.2606305  -0.51231668 -0.18697913
 -0.42513388  0.4390079   0.08781954 -0.89061875  0.0075544  -0.87039199
 -0.00327148  0.47822326  0.720906    0.99543666  0.93893334 -0.15815105
 -0.00940393 -0.78911624 -0.52266775 -0.74897767 -0.21148793  0.19920811
  0.63317694 -0.47608268  0.47862826 -0.5746216  -0.05573414  0.95271415
  0.59536736 -0.70947056], Measures: [0.06860468 0.01702391]
Elite 2: Fitness: 500.0, Solution: [-0.2889864   0.49268664  0.05686407 -0.65786311 -0.70141875  0.11671527
  0.26864407 -0.53944086 -0.79632446 -0.54566961 -0.44524566  0.60861346
 -0.74704418  0.48823826 -0.55236017  0.33401419 -0.45406194 -0.34848537
 -0.33575856  0.12757265  0.10127162 -0.96339075 -0.05981057 -0.77370999
 -0.08526788  0.36504888  0.68130056  1.13215462  0.85726055  0.05511774
  0.09125584 -0.61321249 -0.49273208 -0.77314386 -0.15323057  0.26491278
  0.70111104 -0.33365069  0.49062777 -0.53893333  0.03050407  0.99781484
  0.64678273 -0.98882891], Measures: [0.07373923 0.02087016]
Elite 3: Fitness: 500.0, Solution: [-0.33864188  0.41517478  0.1712476  -0.64641838 -0.59392792  0.00579551
  0.36647766 -0.47692512 -0.83513097 -0.38045621 -0.67527733  0.48224496
 -0.88846089  0.59798704 -0.81643693  0.2674546  -0.34107513 -0.2333796
 -0.44123768  0.03693401  0.0257836  -0.87211742 -0.20768207 -0.71485715
 -0.21780746  0.30136762  0.61101612  0.76668696  1.03664695  0.1262677
 -0.05378696 -0.65936438 -0.46627235 -0.27148396  0.09210457 -0.00418166
  0.54951761 -0.63840139  0.38882185 -0.45106526  0.17589209  0.97285519
  0.52937652 -0.54830505], Measures: [0.10455438 0.01619807]
