Elite 1: Fitness: -103.0, Solution: [ 1.05133558e-02 -1.01618939e+00 -1.32618716e-01  4.85953997e-01
  1.08695571e+00  8.80538923e-01 -1.15201597e+00 -2.02577589e-01
  1.13684316e+00  2.27394967e-01  1.48876975e-02 -5.63947663e-01
 -4.10377621e-02 -1.67551411e-01  1.42274731e-01 -3.99134490e-01
  8.09836614e-01  2.34805388e-01 -8.28156914e-01 -6.71132195e-01
 -1.72910383e+00  8.44267781e-01 -9.33067997e-01 -2.71133381e-01
 -1.59653879e+00 -9.10305480e-01  6.49880381e-02 -5.80328585e-01
 -4.39504596e-01  1.33979989e-02  1.02504870e+00  3.65992247e-01
  1.85646540e-01 -4.03503625e-01 -2.38420819e-01 -1.10646475e+00
 -3.25312026e-01  5.63556653e-01 -5.52938697e-01  8.09832102e-01
 -6.83853627e-01  4.33655748e-01  2.17592977e-01 -5.19094405e-01
  2.17699050e-01  3.78527643e-01  3.97161116e-01  1.07832852e+00
 -2.56152114e-01  5.34046537e-01  2.86793382e-01 -4.70354583e-01
 -7.11676081e-02  1.50058653e-04  4.17764004e-01  3.12559268e-01
  3.73707750e-01  5.20323669e-01 -1.98467373e-01 -1.65133830e-01], Measures: [0.37688195 0.07334981]
Elite 2: Fitness: -103.0, Solution: [ 2.88200730e-01 -5.35421705e-01  1.08701863e-01  1.36688211e-01
  1.11822422e+00  8.24809474e-01 -5.84497727e-01 -1.37148140e-01
  6.54221299e-01  9.65784024e-01  3.20096274e-01 -5.60323559e-01
 -4.25766544e-02 -5.04526664e-01  6.56239670e-01 -3.39893654e-04
  8.92128994e-01  4.85522914e-01 -6.69616152e-01 -3.87485236e-01
 -6.70435546e-01  3.27755749e-01 -4.72544505e-01  8.64466318e-02
 -6.52611079e-01 -3.58716999e-01  5.66981542e-02 -1.00666059e+00
 -7.39847483e-01  7.85811491e-01 -3.41358416e-01  3.49350062e-01
  1.16778676e+00 -8.52287467e-01  6.01009919e-01 -1.16263431e+00
 -8.07171313e-01 -1.37591984e-01 -3.07649461e-01  4.08029641e-01
 -6.76067889e-01  4.72252146e-01  3.24564299e-01 -3.30180251e-01
  5.46898425e-01  6.89912145e-01 -5.34023406e-01  8.58502477e-01
 -1.20987720e-01  2.86327566e-01  4.73432003e-01 -3.85746979e-01
 -1.81576762e-01 -1.02392997e-01  2.34717390e-01  4.19436426e-01
  1.24448147e-01  8.95855013e-01 -1.18209668e-01 -9.04379224e-01], Measures: [0.29504048 0.01822911]
Elite 3: Fitness: -104.0, Solution: [ 0.22611565 -0.78578917 -0.03080625  0.39045334  0.69309313  0.69729252
 -1.00506838 -0.14004226  1.27167385  0.55928806 -0.17658794 -0.40150795
  0.07968282 -0.41926638  0.28952234 -0.49416316  0.9654019  -0.07003777
 -0.67276642 -0.77387127 -1.28296663  1.04424709 -0.90125305 -0.37671587
 -1.39685887 -0.90181615  0.05896097 -0.71150953 -0.4164882   0.18381051
  0.92004525  0.17428618  0.3148875  -0.63537064 -0.24690232 -1.074065
 -0.28300979  0.26485823 -0.89711357  0.57289073 -0.73159509  0.65449116
 -0.18768943 -0.465094   -0.40850711  0.26873562  0.08355993  0.82702223
 -0.14552772  0.46211802  0.4015637  -0.3533734  -0.31880661 -0.51072806
  0.25409733  0.3419467   0.19131706  0.3770192  -0.18266592 -0.23077209], Measures: [0.40021183 0.06694653]
