Elite 1: Fitness: -84.0, Solution: [-0.9269292  -0.65973922  0.26802481 -0.52308332 -0.6518178   0.32562962
  0.92372076 -0.58271486  0.45527983 -0.1958877  -0.14828919 -0.90392536
  0.22533066 -0.3321536  -1.49722545 -0.36868647  0.21896096 -0.17505479
  0.43145099  1.28876924 -1.13881873  0.91570981  0.55840622  0.32977914
 -0.31120862  0.52153298 -0.18815027 -0.42355729  0.06579003 -0.3601377
  0.86876953  1.2437595  -0.13995521  0.27167222 -1.08537803  1.02466852
  0.15759384  0.46016428  0.41095614 -1.36058972  0.38497351 -0.05064048
 -0.57694306  0.36751295 -0.73052727 -0.4154482   0.06425557 -0.09570876
  0.01125953  0.60381141 -0.87572934 -0.20697704 -0.60427103  0.42231685
 -0.01575049  0.03644338  0.17949801  1.01598964 -0.7958956   0.45059852], Measures: [0.43524451 0.05182265]
Elite 2: Fitness: -84.0, Solution: [-0.84932745 -0.44469112  0.22243173 -0.37202712 -0.29807344  0.31689493
  0.61158885 -0.72097852  0.64628288 -0.00247041 -0.34178138 -1.53210284
 -0.26762213  0.04085043 -0.97855488 -0.80990531  0.73948045 -0.44378956
  0.54254549  0.92836158 -1.77932937  0.33957889  0.57550702  0.03974933
 -0.4658614   0.03068687 -0.45966017 -1.11504548  0.25847271 -0.88659963
  0.70926933  1.48551463 -0.03195846 -0.32905046 -0.35785726  1.40904304
  0.34985659  0.40773229  0.58435329 -1.36885065 -0.03281093  0.07750902
 -0.52178974  0.35925322 -0.78114311 -0.01190018  0.45148322 -0.32376126
  0.80239473  0.64607265 -1.48929659 -0.1297857  -0.5191213   0.17193286
  0.45384166 -0.32384538  0.73434511  0.49800742 -0.88310284  0.86145417], Measures: [0.5071914  0.06732586]
Elite 3: Fitness: -84.0, Solution: [-0.84522636 -0.29849808  0.32098451 -0.26971332 -0.1150804   0.26928537
  0.49130936 -0.75957053  0.58545017  0.15824122 -0.45601125 -1.54422662
 -0.17411518 -0.02495843 -0.9833533  -0.76374545  0.83152781 -0.48058501
  0.5351885   0.79444944 -1.89985863  0.25886659  0.60897317  0.01538323
 -0.37304951 -0.02767483 -0.44337269 -1.01720325  0.37208599 -0.92869101
  0.66414321  1.38524421 -0.03522479 -0.31951732 -0.39105157  1.44527079
  0.40076705  0.32181646  0.74685758 -1.35782271 -0.04033552  0.09015364
 -0.56101036  0.24040551 -0.78188075 -0.07251064  0.5940002  -0.36339764
  1.02780448  0.47884833 -1.4030514  -0.22719489 -0.32981574  0.22388186
  0.44133607 -0.43535572  0.69823847  0.43928967 -0.70811128  0.92600006], Measures: [0.45458227 0.06395528]
