Elite 1: Fitness: -103.0, Solution: [-0.55131812  0.88502459  0.30331278 -0.57650144 -0.83045553  0.24831279
 -1.03002818  1.08582609 -0.12542097  0.38810605  0.68589918  0.00266665
 -1.34343399 -0.95106471  0.54717484  0.81127709  0.26947614  0.71561022
 -1.21829937  0.56014964  0.17201955  1.17738514 -0.25643234  0.39964634
 -0.29186071 -0.6439376  -0.57415607  1.08303394 -0.71592222 -0.80747455
  1.07430422 -0.41117558 -0.01930781  0.02586825 -0.60896515  0.16175646
 -0.70500671  0.27014332  0.22512286 -0.66700136 -0.00800406 -1.02769751
  0.38199001 -0.50968136 -0.64231996 -0.69223643 -0.02650889 -0.71499013
  0.39089276 -0.65467333  0.66317961 -0.1599164  -0.44525499  0.08642694
  0.23694702  0.68759181  0.81939933 -0.3649602  -0.29153538  0.06847706], Measures: [0.42755481 0.08592745]
Elite 2: Fitness: -103.0, Solution: [-0.02284051  1.50165419 -0.18119567 -0.57702585 -0.40151243 -0.47868449
 -0.76487274  0.52689923  0.71855375  0.31304653  0.45478482  0.42183939
  0.01467425 -1.27317236  0.93108955  0.70393698  0.29560777  0.70035439
 -0.37252127  0.75160843 -0.15613181  0.16835102  0.03914886  0.49346778
 -0.28633366 -0.44650199 -0.50901834  0.57558761 -0.60803087 -1.05813461
  0.95199077 -0.6515421  -0.0592102  -0.75931789  0.29611263  0.14128216
 -1.13137976 -0.47023451  0.37677537 -0.30805932 -0.07447906 -1.15816533
  0.41047053  0.28732256 -0.65625414  0.15361025  0.07762652  0.46075748
  1.73295307 -0.60162798 -0.15397217 -0.89264249 -0.62250476  0.09819292
 -0.03670375  0.42452469  0.73262023 -0.11691186 -0.22255012  0.39640617], Measures: [0.35052833 0.07570755]
Elite 3: Fitness: -103.0, Solution: [-0.35354028  0.64203309  0.45963485 -0.83696677 -0.65695579  0.42334068
 -0.88318788  1.17824042  0.47739874  0.22598615  0.47048021 -0.81275328
 -0.66941425 -1.17456714  0.62287121  0.30766182  0.31783456  0.90269855
 -1.63519147  0.19165188  1.07348357  0.94581972 -0.69486784  0.30855921
  0.34560422 -0.62885041 -0.56476661  0.72543836 -0.68369249 -1.1988602
  1.10492633 -0.68595446  0.15656804 -0.08129477 -0.61751529 -0.26286608
 -0.61306076 -0.00401027  0.09712552 -0.51239822 -0.04293225 -0.86569237
  0.03849099  0.07724191 -0.78614072 -1.27841372 -0.05362332 -0.01965432
  0.54570317 -0.49176227  0.52933414 -0.02136462 -0.36274748 -0.30639598
  0.36662846  0.97827587  1.00324133 -0.42574542 -0.39576147  0.54368546], Measures: [0.36779841 0.11950363]
