Elite 1: Fitness: -108.0, Solution: [ 1.37546623  1.00320358  0.15602082 -0.43237508  1.13363219 -0.76314538
 -1.50978849  0.85135917  1.26424253  0.42828519 -0.72540469 -0.26789771
  1.30522516  1.57359445  0.87207263  1.21982183 -1.29960972  1.21848543
 -0.10238932 -0.33513435  0.78670012 -0.84696077 -0.83704741  0.21599471
  1.30282607 -1.03180018 -1.30730778  1.82759911 -0.59294183 -0.01738524
 -0.49312805 -0.50518957 -0.2753909   0.84614481 -1.01560801  0.53478575
  0.49340402  1.57478253  0.16810665  1.06517219 -0.61142575 -0.77139519
 -0.09846898  1.81068324  0.91457568 -0.86664199  1.55381628  1.20525593
 -0.43891361 -0.61720393  1.53922408  1.60440112 -0.54689861 -0.9887379
  1.12217325  0.87869907  0.67520928 -0.74839499 -1.32837567  1.46872283], Measures: [0.57518858 0.80645553]
Elite 2: Fitness: -110.0, Solution: [-0.25436002  0.05547238  0.21373405 -1.58060821  0.11345876 -0.94713997
 -1.5651881   1.1368421   1.25447876 -0.97225714  0.05847226 -1.08622487
  1.25409018  0.27031088 -1.11682234  0.9725256  -0.36974795 -1.16309413
 -0.8741575  -0.58792928  0.47598002 -0.26064372  0.45559997  0.02202697
 -1.18853251  1.26372439  0.48974656 -0.67531331 -1.57330001 -1.51409671
  0.23658334 -0.05580736 -0.67248619 -0.04277656 -0.71399209  0.80907722
 -0.07335159 -0.11483344  0.46240313 -0.94596501 -0.37092946 -1.6157771
  0.72001711 -0.46935872 -1.69360581 -0.01810708  0.20463654  0.29760266
 -1.48531667 -1.03698757  0.62944992  1.25779125 -0.82889054 -0.35762679
  0.57957409  0.68075302 -0.49593331 -0.67905497 -0.84270658  0.14860348], Measures: [0.21568006 0.37172282]
Elite 3: Fitness: -110.0, Solution: [ 1.79692525  0.5097462   0.64864134 -0.3943656   0.49726693 -0.89662746
 -1.4418134   1.28537212  1.60466578  0.37664839 -0.27349064 -0.93608275
  1.26354133  1.08991     0.66365073  1.46050696  0.02451596  0.98807036
 -0.0804264   0.66980789  0.51851076 -0.57852556 -1.01079771 -0.48401558
  1.6392412  -0.68388512 -0.95276618  1.51632479  0.18420523 -0.67104181
 -0.47238236 -1.21242539 -0.83739474  1.23307509 -0.90902905  1.14388749
  0.57910515  1.03756896  0.43894322  0.51915278 -0.07257191  0.26819773
 -0.74327645  0.78642573  1.40876789 -0.07050133  1.92666237  0.97723904
 -0.66383361  0.42195509  1.27466883  1.50746474 -0.02732756 -0.28967043
  1.30950285  1.05226242 -0.04151688 -0.95993943 -1.39956058  0.66582465], Measures: [0.60507875 0.62220607]
