Elite 1: Fitness: 298.940387723322, Solution: [-0.01755476  1.3500063   1.81800541  0.87832755 -0.80380529 -0.52584134
  0.44253637  1.55982574 -0.19154635  1.60447378 -1.89246746  1.51183205
  0.1865736  -0.14302251 -1.93288435  1.31893014 -1.33422614  1.13688974
 -0.10681565  0.27234294  0.47265222 -0.82704671 -1.63717327  0.12491939
  1.30332936 -0.11030418 -2.          1.90842332  0.67260789  0.73743893
  0.15185913 -0.74131951 -0.7895007  -0.40118698  0.93716439  0.54383354
  0.4420371  -1.67829725 -0.66235764 -0.99814618  0.88691052  0.13958305
  0.66988609  0.70113343 -0.85532979  1.02498028  0.98614309  0.19972473
  0.69676063 -0.06489589  0.1120246  -0.37387378  2.          0.78578418
 -0.69894707  0.32139315 -0.42810631 -1.43045032  0.44378042 -0.97365783
 -1.69850499  2.         -0.63037262  1.723682   -0.31862684  2.
  2.         -1.25244567 -1.14779613 -0.17995416  0.86472851  1.6376789
  0.24796829  0.7594552   0.28564138  0.48487568 -1.20098449  0.63916143
 -0.00686684 -0.5760288  -0.89765088 -0.59705557  0.70225692  1.15157961
  0.24334135  0.1412555   1.12062895 -0.14142328], Measures: [0.29379401 1.00366627]
Elite 2: Fitness: 289.2518117288832, Solution: [-0.06459211  1.09949206  1.89983482  1.3411525  -1.01472781 -0.81581171
  0.71730411  1.57783202 -0.08229377  1.0728049  -1.73097334  1.2025327
  0.07412458 -0.04536633 -1.82400023  1.37306773 -1.15722986  0.93974209
  0.13469753  0.07269121  1.49842835 -0.83152262 -1.34364428 -0.27115837
  1.00484635 -0.01683173 -2.          1.63194625  0.57282801  1.06851847
  0.18097255 -0.87227641 -0.70311159 -0.06262794  0.26684431  0.8911535
  0.27407907 -1.73092636 -0.43717767 -1.05530482  1.13695388  0.4100762
  0.77626553  0.54913414 -0.79928014  0.45221512  0.27198901  0.09686973
  0.69319781 -0.20830277  0.47039047 -0.06331041  1.38528792  1.05997289
 -0.90219119  0.58487097 -0.58468233 -1.19447801  0.62353419 -0.6067577
 -1.76904265  1.41256884 -0.83404574  1.48624959 -0.48888753  1.66598787
  1.95526341 -0.88665484 -1.17880124  0.38213034  0.53516897  1.91232762
  0.0141583   0.04483496 -0.08073524  0.73264741 -1.5476932   0.74181444
 -0.18203344 -0.25107099 -0.75586152 -0.34563811  0.56176036  1.36690248
 -0.22680092  0.30838944  1.32648832  0.57277085], Measures: [0.37017075 0.82202716]
Elite 3: Fitness: 285.71533740266807, Solution: [-1.34187237 -0.60183435  0.69319489  1.40840454 -0.04699266  0.19208948
 -0.7785086   0.50009406 -0.31621798 -0.28576997  0.40216516  0.78002255
  0.53747512 -0.76573788 -0.3210033   0.06391466  0.4802607  -0.03426553
 -0.03979079 -0.65453718 -0.16059563 -0.31324913  1.10844365 -0.29287738
  0.34108835  0.64365066 -0.63027707 -0.16329625  0.08233664  0.28993907
 -0.11255045  0.41767685  0.05113875  0.3840455  -0.23853538  0.38367734
  0.52235602 -0.91249466 -0.41811039 -1.07015173  0.22777335  0.49655365
 -0.46634091 -0.39369469 -0.42206088 -0.58123927 -0.07236123  0.64065696
  0.08157578 -0.33113685  0.22539841 -0.51645652  0.11367979 -0.32650086
  1.03272627  0.46919337  0.39847431  0.0215008   0.78291825  1.19775095
  0.02848533  0.02497885 -0.02908121  0.09702971  0.94304109 -1.14319729
  0.27665996  0.14578359  0.85166888 -0.06919087 -0.74990912 -0.15641017
  0.78154998  1.00187351 -0.99607627  0.61883802 -0.78961486 -0.32421851
 -0.66803566  0.26631178 -0.52490023  0.86011309 -0.01853684 -0.49451293
  0.19792245 -0.16959993 -0.81854451 -0.36730094], Measures: [0.35612973 0.09623628]
