Elite 1: Fitness: -87.0, Solution: [-1.14757278e+00  3.45936166e-01  9.14765570e-01 -3.19169625e-01
 -2.36396687e-01 -3.64409089e-01 -1.43521038e+00 -1.08767784e+00
  4.44697272e-04  5.79202298e-01 -6.22894551e-01 -9.00914131e-01
  7.15884570e-01 -4.04789410e-01 -1.00432401e-01  1.52251583e-01
 -1.06741044e+00  1.17237456e+00  3.44461836e-01  7.23463604e-01
  1.00696241e+00 -9.62364814e-01  3.54689920e-02 -9.92920127e-01
  2.82058914e-01  1.01375037e-01  5.89478136e-01  1.09731984e+00
  8.82262893e-01  6.49690318e-01 -6.27605176e-01 -1.14785170e+00
  8.30291118e-01  7.99028811e-01 -1.68511590e-01 -1.00806153e+00
 -4.93958303e-01  2.40735147e-02  5.58428508e-01 -5.05677626e-01
 -8.31743615e-01  7.90512665e-01 -3.47808108e-01 -2.36943711e-01
 -1.40773102e+00  4.04484414e-01 -5.04503581e-02 -6.84038676e-01
  4.44097087e-01  3.09407213e-01 -7.33976505e-01  3.11422272e-01
 -1.04768547e+00  3.43852558e-01 -1.01408865e-01  5.71725814e-01
 -7.34649868e-01 -2.15986262e-01 -3.58061293e-01 -4.42079830e-01], Measures: [0.50193705 0.09341571]
Elite 2: Fitness: -87.0, Solution: [-0.77293283  0.30697384  0.78133756  0.03646846 -0.31229391 -0.49363736
 -1.50973224 -1.41165363 -0.26182784  0.80570524 -0.44104214 -1.01122217
  0.2877141   0.33793482 -0.01086169  0.52854783 -1.05254816  0.85452983
  0.05328185  0.38000869  1.27863878 -1.10599802 -0.36148189 -0.73538694
  0.28459626 -0.11482547  0.5026887   0.98253653  1.04163004  0.29646279
 -0.45425033 -0.72914891  1.06385948  1.03703383 -0.20708403 -1.14103254
 -0.42299181 -0.20400121  0.28529855 -0.40039897 -0.88448051  0.96566818
 -0.10947277  0.12485137 -1.12120328  0.07366613  0.18477327 -0.57566559
  0.46958218  0.6064588  -0.5012434   0.3944936  -0.91216772  0.10125797
  0.01150783  0.46112212 -0.41125116 -0.23576843 -0.41073193  0.0764481 ], Measures: [0.52187758 0.14700622]
Elite 3: Fitness: -87.0, Solution: [-1.14359638  0.45186263  0.86592488 -0.26285889 -0.15804163 -0.43630332
 -1.42899173 -1.1666892   0.14574551  0.63973103 -0.53293568 -0.94128578
  0.65297513 -0.20240843  0.11905274  0.29631606 -1.04962714  0.97711548
  0.3789084   0.69814755  1.01021862 -0.92028134 -0.30363713 -0.78840296
  0.42790708  0.13454467  0.77153237  1.16893906  0.8462424   0.52095615
 -0.5731917  -1.27503439  0.90415225  0.57626983  0.06883014 -0.96337627
 -0.19452937  0.24331135  0.42140677 -0.58986008 -0.78372219  0.76958087
 -0.19147664 -0.37883332 -1.32350201  0.33371497 -0.19405805 -0.70607114
  0.49670567  0.3588602  -0.50501135  0.39495455 -0.95937319  0.20662687
 -0.18567872  0.6622317  -0.66444    -0.25064133 -0.30602474 -0.26802407], Measures: [0.4615587  0.08921963]
