Elite 1: Fitness: 500.0, Solution: [-0.22838157  1.17760313  0.44060739 -0.27518405  0.18813014 -0.97915448
  0.711983   -0.58152678  0.31833431 -0.83574192  0.67265612 -0.63213021
  0.90971231  0.17225474 -0.99274981 -0.13892023 -0.12544504  0.70178988
  0.56862506 -0.26301996  0.91282272 -0.440838    0.39973254 -0.26307887
 -1.42535794  0.4496772   0.33325744 -1.08439816 -0.47062393  0.31955907
 -0.17340621 -1.03040267 -0.73744999 -0.04428289  1.23992546  0.44718547
 -0.6275213  -0.17588962 -1.20452476 -0.59453346  0.82112009 -1.00381975
  0.45238995 -1.02397125], Measures: [0.16532228 0.05720966]
Elite 2: Fitness: 500.0, Solution: [-0.1892265   1.15171409  0.50819449 -0.21476932  0.08213842 -1.07882334
  0.85319884 -0.59625457  0.38373877 -0.85333562  0.90419199 -0.55851572
  0.87760571  0.05716119 -0.99035959 -0.05484563 -0.1423331   0.90374213
  0.65121161 -0.27216653  0.9615458  -0.3801479   0.38366274 -0.36173856
 -1.42426975  0.41556315  0.3690788  -1.06283491 -0.59781047  0.22327565
 -0.1045145  -1.09255952 -0.58919244 -0.05269931  1.32362554  0.27603934
 -0.63056574 -0.1008333  -1.41279774 -0.62311037  0.95999479 -0.93043972
  0.19492093 -1.05968033], Measures: [0.23478162 0.03530848]
Elite 3: Fitness: 500.0, Solution: [-0.04439023  0.91156345  0.45575001 -0.26763673  0.60669778 -0.82742624
  0.7604415  -0.53114488  0.27802274 -0.81119745  0.61843452 -0.82457544
  0.59233823  0.23444093 -0.91649985 -0.14592385  0.0440368   0.55466768
  0.56095531 -0.27079339  0.45514805 -0.54768208  0.52524907 -0.05864718
 -0.98644179  0.37841251  0.51723646 -0.99152413 -0.36731642  0.09339949
 -0.05250331 -1.17093846 -0.55036834 -0.02391825  1.11387473  0.61973937
 -0.61484334  0.04998308 -0.99016981 -0.54317935  0.72871472 -0.58511912
  0.41894112 -0.80701853], Measures: [0.21759097 0.04673522]
