Elite 1: Fitness: 274.8516581397165, Solution: [ 9.84401852e-01 -1.37250012e+00 -1.88113310e+00 -1.74507038e+00
  1.89152875e+00 -1.57665825e+00 -1.58544971e+00 -1.01016843e+00
 -1.29025927e+00  1.07178052e+00 -1.81799505e+00 -7.68085474e-01
 -1.60078073e+00  8.85950337e-01  1.38177768e+00 -1.65517297e+00
 -6.24710783e-01  3.88275749e-01 -7.97500260e-01  5.03334225e-01
 -1.15298093e+00 -1.24056006e+00 -5.84816985e-01  2.32745950e-01
 -4.71420411e-02 -1.01116240e+00 -7.65035432e-01 -7.33838601e-01
  5.26443331e-01 -1.06382705e+00 -8.78179686e-01 -3.87442053e-01
 -2.67493465e-01 -6.61399549e-01  1.75674159e+00 -6.80835745e-01
  5.84153061e-01  1.04700849e+00 -7.25061996e-01  1.71806026e+00
 -1.57077525e+00 -1.88800989e+00 -9.15677337e-01  1.49946770e-01
 -4.25824603e-01 -9.34679565e-01  1.27574082e+00 -3.18646760e-02
  3.45699239e-01 -7.68646754e-01  8.61518961e-01  1.14908078e+00
  1.63800468e+00  3.22772747e-01 -1.94810941e+00 -1.87468287e+00
 -1.56254645e+00 -1.62481106e+00  7.61556026e-01  1.17271446e+00
  1.26239132e-01  6.90027048e-02  6.54368321e-01 -9.75665647e-01
  5.21551613e-01  9.06496032e-02 -2.36039570e-01 -8.20323881e-01
 -4.34937274e-01  1.37545080e+00  1.30264828e-01 -7.56297907e-01
  1.69703882e+00  9.51441183e-01  1.99876339e+00 -1.77885567e+00
 -1.55771321e-01  1.13453392e+00 -1.41708035e-02 -1.39647995e-03
 -1.18609196e+00  1.23023670e+00  9.60366838e-01  1.46237061e+00
  5.32905870e-01 -9.77796400e-01  3.84184805e-02 -4.32516789e-01], Measures: [0.59049225 1.06798176]
Elite 2: Fitness: 272.9555302928386, Solution: [ 0.54553325 -1.58187604 -1.71066159 -1.98334962  1.50621571 -1.55476064
 -1.52090051 -1.05933654 -0.99237177  1.57671354 -1.36660103 -0.38649138
 -1.12619512  0.71269106  1.24332229 -1.61550623 -0.91905944  0.55064786
 -0.52167388  0.22706839 -1.4366259  -1.49357403 -0.3946772   0.49646749
  0.59286286 -0.53983126 -0.82379636 -1.02775883 -0.02010358 -1.50574379
 -0.89989544 -0.3196078   0.050461   -0.29101086  1.90042288 -0.09824663
  0.27629107  0.64830166 -1.46418062  1.68044809 -1.36672888 -1.90557655
 -1.11989879  0.20515726 -0.18831922 -0.6699692   1.57536753  0.35959266
 -0.23352073 -1.09435451  1.14432758  1.12390624  1.79657657  0.55235842
 -1.70904022 -1.65884132 -1.46373427 -1.46696727  0.84194551  0.90448439
  0.29113362  0.46976776  0.79263286 -1.02989353  0.83586414 -0.0297116
 -0.24850923 -0.93944901 -0.44197905  1.73947142  0.01988996 -0.66747594
  1.95684508  1.08454988  1.58668009 -1.47763625  0.43022492  1.25273739
  0.15447307  0.00222301 -0.92807908  0.90963918  1.01738999  1.3577868
  0.41426814 -0.67380682  0.69185164 -0.76993476], Measures: [0.57316532 0.86277085]
Elite 3: Fitness: 272.0180571014919, Solution: [ 0.96269643 -1.58202153 -1.55889688 -1.73501873  1.2904629  -1.69699861
 -1.2606959  -1.03766234 -1.14399905  0.71371051 -1.33819675 -0.59448402
 -1.40233101  1.19832202  0.26377914 -1.08174934 -0.40044538  0.3028642
 -0.67275133 -0.20375929 -1.53983493 -1.74324488 -0.39847314  0.01082525
  0.08113688 -0.97078221 -1.35335071 -0.31139199  0.4551137  -0.96121062
 -0.82676411 -1.13628036  0.11740062 -0.35333871  1.88509586 -0.91275961
 -0.6309551   0.95502386 -0.87164589  1.82987968 -1.4159872  -1.83701389
 -1.53971841  0.65344475 -0.69754141 -1.07809589  1.49685689 -0.66341191
  0.38592155 -0.99610381  1.77855562  0.86220726  1.87170958  1.02706416
 -1.39957694 -0.58511943 -1.80836312 -0.92618614  1.2854356   0.47324587
  0.70173371 -0.14198803  0.66282078 -0.91189589  1.36523024 -0.03039892
  0.08007126 -0.82285243 -0.19966011  0.80232792  0.33935709 -0.51175497
  1.54143078  1.44188587  1.45802342 -1.14066226 -0.05650516  1.52157827
  0.17982242  0.49202321 -0.88590268  0.79599703  1.16973325  1.21336377
  1.06175433 -0.87371277  0.20375097 -0.12888988], Measures: [0.52769844 0.64823347]
