Elite 1: Fitness: 302.77646917684694, Solution: [ 1.23836588  0.43268638 -0.77051624 -0.72044744  0.20624388 -0.79106842
 -1.1050349   0.53610407  0.9849895  -0.55809402 -0.32122161  1.3166815
  0.11436426 -0.03507436  1.62251699 -1.24603067  0.88550016 -0.96438375
  0.55171521 -1.07688544  1.23191101 -0.42882158 -0.5418055   0.01241259
 -0.13663661 -0.13516574 -0.44225206  0.955426    1.13804756  0.16450616
 -0.29375586 -1.18900926 -1.18274598 -0.8771211  -0.79238731  0.22019812
  0.44481959  0.43383156  0.64016401  1.07422173 -0.20913585 -0.32511295
 -0.794408   -0.2247729   0.09639324  0.10961447  0.78972383 -0.73427125
 -0.07558149 -1.019174   -0.8414979  -0.10316021 -1.56907434 -0.8175243
  1.28654468 -0.24076964  0.23030334  0.99879036 -1.25165129 -0.96211789
  1.33338891  1.21562582  0.56109545 -0.15773157 -0.55058787 -0.41456745
 -0.23032122 -0.76925979  0.7279185  -1.11350987 -0.9988618   1.13572177
 -0.59643236 -1.38824283 -0.73894619 -0.08330249  0.1886187   0.73561205
 -0.65174341  1.2133846   1.61078045 -1.00180428  0.84756567  0.61487312
  0.67108552  1.0152712   1.19875273  0.32313539], Measures: [0.49990556 0.22884241]
Elite 2: Fitness: 302.5338631479564, Solution: [ 1.16508983  0.30619331 -0.73095199 -0.77227081  0.36789729 -1.06277866
 -1.18515722  0.59630552  0.7528226  -0.74001617  0.14085007  0.68210652
  0.43179136  0.05442047  1.23106726 -1.16023101  0.52006389 -1.07946146
  0.255062   -1.44259645  0.73896247 -0.19958893 -0.54059337  0.02206428
  0.00551643  0.36876129 -0.24204433  0.72176121  1.13631555 -0.18367078
 -0.72771919 -0.77639583 -1.02200833 -1.13266119 -0.78585998  0.18888617
  0.20929887  0.43318011  0.36782276  0.79946595 -0.31202305 -0.12677315
 -0.87929866 -0.51215904  0.31536653 -0.42010418  0.84836547 -0.40405717
  0.01148998 -0.78376914 -1.34089381  0.11918789 -1.26753374 -0.51725611
  1.00968057 -0.27708036  0.31957059  1.08176638 -1.14496294 -1.09247426
  1.3100504   1.24366914  0.18193095 -0.26885151 -0.48264623 -0.58476693
 -0.50538265 -0.90979453  1.05897745 -1.31895627 -0.9956      1.48681362
 -0.54818571 -1.16349446 -1.06497251 -0.270231    0.02564676  0.70585619
 -0.85365801  0.68233637  1.67910881 -1.09082307  1.06291407  0.96708575
  0.74297974  0.80972644  0.8294997   0.34842405], Measures: [0.49078559 0.358204  ]
Elite 3: Fitness: 302.4265784272245, Solution: [ 1.04017917  0.31825256 -1.22178005 -0.88404794  0.35256977 -0.89575443
 -1.1504838   0.46063594  0.52811379 -0.47184466 -0.06586017  0.63259851
  0.13260895  0.45585678  1.16613254 -0.78566797  0.58766774 -0.58446991
  0.25209621 -1.31644727  0.74546276 -0.28294567 -0.43044613  0.10603115
  0.13868692  0.14332259 -0.71010239  0.50715564  1.02608641 -0.65261539
 -0.40511691 -0.60675714 -1.11872604 -1.090711   -0.77927518  0.40083758
  0.14676469  0.75394792  0.11964934  0.42851823 -0.34093093 -0.07408
 -1.31761691 -0.3044537   0.2356695  -0.0378137   0.98851879 -0.23261161
 -0.27697045 -0.5813734  -0.94729688 -0.0372032  -1.11059811 -0.54283939
  1.03027491 -0.32561001 -0.02278903  0.9642613  -1.32176074 -1.07486189
  1.2360229   1.28328017  0.40917998 -0.34705194 -0.69616831 -0.49519326
 -0.37694714 -0.84676414  0.88494912 -1.48394089 -0.94139366  1.75482446
 -0.5117414  -1.35222764 -1.28789953 -0.23264412 -0.09417071  1.0186086
 -0.90250379  0.76517683  1.96026567 -1.02427746  1.09103202  1.26980525
  1.0922547   0.67319291  1.0826038   0.50393822], Measures: [0.4932686 0.5227465]
