Elite 1: Fitness: 298.6056576661837, Solution: [ 1.77691449 -0.42784203  0.93421362  0.92003668  1.5983552   1.08673567
 -1.99083188 -1.19505206 -1.25057027  1.78899067  0.18137337 -0.09140217
  0.51437354 -0.37327043  0.85064637  1.83565578 -1.33314842  0.95106524
 -1.81390883 -0.35770209  0.02155365 -0.83717772  1.09061677 -0.04309487
  0.1362811   1.68711709 -0.25966671 -0.32248922 -0.12432644  0.03764129
 -0.3456149  -0.51341271  0.38236543  0.20066023  0.0770913  -0.0217685
  0.91610879  0.20313719  0.53759392 -0.21044073  1.44036083  1.03372331
  0.27921972 -1.40109172 -1.24189143  0.42805751  1.08128576  1.5248676
 -0.06247585 -1.82372396  1.57868201 -1.06881271 -1.21523383 -1.13562434
 -0.0734086  -1.92368802  0.99294608  0.90280301 -0.61195991  0.128511
 -1.82637866 -0.59753375  0.63978727  1.14804919 -0.54898195 -1.76123629
 -0.14277983  1.40356551 -0.2287019  -0.57121078  1.5800979   1.17492807
  0.95842368  0.56329    -0.81978414 -1.16817947  0.97508022 -0.11337543
 -1.76201719 -1.59702598 -1.97726418 -0.94927916  0.1115528   1.44373196
  0.47522747  1.27373517 -0.00479781  1.8950775 ], Measures: [0.5732165  0.43534773]
Elite 2: Fitness: 296.95693082023394, Solution: [ 1.80327815e+00 -2.58820796e-01  1.19373789e+00  1.21233619e+00
  1.12529871e+00  1.30020320e+00 -1.89260942e+00 -9.33882318e-01
 -1.61007337e+00  1.97795325e+00  6.67956107e-02  3.49758731e-02
  5.45805568e-01 -3.14012366e-01  8.14987960e-01  1.78680265e+00
 -1.28961996e+00  1.13996023e+00 -1.97814691e+00 -3.67344686e-01
 -1.75603651e-02 -9.03939631e-01  1.00230328e+00  1.12117610e-01
  2.23279239e-01  1.51780955e+00 -1.93593022e-01 -4.43577776e-01
 -2.39130823e-01 -3.40472692e-02 -3.24617822e-01 -3.45753727e-01
  5.76653991e-01  4.46697318e-02 -8.34188638e-03 -2.16720350e-01
  1.07162415e+00  3.14525622e-02  3.12545177e-01 -4.15982943e-01
  1.58630248e+00  1.14121256e+00  3.42450682e-01 -1.37014411e+00
 -1.17236384e+00  5.24535087e-01  9.66105463e-01  1.51626948e+00
  1.17819720e-03 -1.45606387e+00  1.42396259e+00 -6.28780382e-01
 -1.26853490e+00 -1.32646819e+00  5.43698153e-02 -1.54420334e+00
  1.09534655e+00  9.30916790e-01 -4.30382236e-01  2.84449792e-01
 -1.93128994e+00 -4.91835292e-01  1.09780554e+00  7.97054038e-01
 -3.67373000e-01 -1.74047191e+00 -6.47572516e-02  1.53710331e+00
 -1.72722420e-01 -3.76278907e-01  1.53781695e+00  1.26677125e+00
  7.38469356e-01  6.98799802e-01 -6.91166286e-01 -9.83085667e-01
  1.10268600e+00  6.02415911e-02 -1.69857243e+00 -1.47987696e+00
 -1.92346523e+00 -1.25674469e+00  8.68169616e-02  1.44912494e+00
  4.15257838e-01  8.55752676e-01  7.36274886e-02  1.77024869e+00], Measures: [0.60403882 0.50331025]
Elite 3: Fitness: 296.47037267843126, Solution: [ 1.09326777  0.49282406  0.40797192  1.03007619  1.36841055  0.40214718
 -1.25063283 -0.65537263 -1.00511741  1.74827459 -0.75775048 -0.20945301
  0.18467436  0.33032214  1.03792775  1.83177652 -1.207345    0.795996
 -1.61901188 -0.52676691  0.12322853 -0.49595916  1.05200416  0.28159898
  0.61659492  1.94187757 -0.08704498 -0.57222415  0.20747192 -0.82069506
 -0.2760959   0.19597387  0.1712446   0.18881563 -0.39418511 -0.17875711
  0.52571786  1.16310352  0.18682924 -0.25791123  1.47027923  1.51939097
 -0.29602182 -1.41599453 -1.37346777  0.70533972  1.24705795  1.65672558
  0.20477727 -0.84354998  1.7918793  -0.1006489  -0.84748915 -0.73363498
 -0.42895634 -1.54771544  0.43334608  0.61121471 -0.67111387  0.10427848
 -1.9983887  -1.34911194 -0.11634041  0.49906659 -0.50013864 -0.77340726
 -0.43256286  1.98395621  1.01909174 -0.16324557  1.1723396   1.47223497
  0.92006184  0.91600758 -0.19583579 -0.56546392  1.37592338 -0.31049155
 -1.40151164 -1.86770768 -1.7003735  -1.57946445 -1.23907341  1.43544729
  0.72751987  0.04817698 -0.59668623  1.05795972], Measures: [0.644219   0.62898297]
