Elite 1: Fitness: 500.0, Solution: [ 0.45469419  0.08510829  0.39727498 -0.13350499  0.3510577   0.28210333
 -0.16737023 -0.92889583 -0.37804488 -1.13846717  0.30397889  0.89899836
  0.33986912  0.61183987 -0.15781263 -0.78085273 -1.02259381 -0.1984846
  0.3802355   0.28606001  0.66220483  0.49764211 -0.18344573 -0.74971745
 -0.28330723  0.39959391 -0.70488702 -0.7940056  -1.00755217  0.42514187
  0.14835773 -0.68302332 -0.8285734   0.72791423 -0.8431507   0.09193009
  0.15171269 -0.04759168 -0.30128221 -0.32096273 -0.80153424  0.32847219
 -0.56893819 -0.62340851], Measures: [0.07330085 0.03927415]
Elite 2: Fitness: 500.0, Solution: [ 0.7094083   0.22419181  0.41178102 -0.22912372  0.47148779  0.58533344
  0.0181914  -1.06211188 -0.11876902 -1.03953847  0.40285286  1.0044864
  0.4849574   0.86253669 -0.41873568 -0.86423647 -1.00149647 -0.37105776
  0.4700388   0.30818237  0.45267279  0.30216179 -0.19563554 -0.68123171
 -0.34569379  0.18900079 -0.50072737 -0.77963315 -0.94337121  0.20043049
  0.39469017 -0.60841753 -0.70920379  0.4105333  -0.75996576  0.3552792
  0.2155599   0.26425864 -0.34965982 -0.00305198 -0.72059775  0.43953422
 -0.70462805 -0.64773956], Measures: [0.06324243 0.04649325]
Elite 3: Fitness: 500.0, Solution: [ 0.55958807  0.25277015  0.59075389 -0.20323734  0.32798655  0.61635881
 -0.05184922 -0.91177425 -0.44425859 -0.96956467  0.21962318  1.00610471
  0.49917121  0.62590976 -0.31967702 -1.04203153 -0.96159195 -0.16211574
  0.45769811  0.1709946   0.69851149  0.45468447 -0.43662309 -0.68544647
 -0.48133985  0.18699578 -0.55677262 -0.88428089 -0.93751708 -0.00253819
  0.40983529 -0.66433629 -0.83279968  0.71775349 -0.97511555  0.28475886
  0.17835017  0.1535561  -0.22340564  0.12295486 -0.88463988  0.29976965
 -0.59918131 -0.63504033], Measures: [0.05735116 0.06045228]
