Elite 1: Fitness: 500.0, Solution: [ 0.583014    0.05693358  0.23928862 -0.87393597 -0.7430093  -0.22780893
  0.82824097 -0.30437081  0.50778286  0.13900073 -1.13498278 -0.92642396
  0.41834067 -0.66392903  1.20038085  0.90564888 -0.49672858  0.97905048
  0.28076321 -0.31462918 -0.99582149 -0.43811016 -0.8411655   1.33870848
  0.45931941  0.61443123  0.86212819 -1.00711103 -0.31190692 -0.45598912
  0.49964171  1.01287689 -0.36863371  1.27534475 -0.5838345   0.84369474
 -0.03919093  0.09054012 -0.95644668  0.23544468  0.38632017 -0.48131198
  0.12049166  1.33954269], Measures: [0.11811589 0.098692  ]
Elite 2: Fitness: 500.0, Solution: [ 0.84266476  0.1499364   0.4572546  -0.69301373 -0.92705504 -0.77891245
  0.40662864  0.74985357  0.3128987  -0.4669564  -1.00542482 -0.72312648
 -0.25549917  0.03274915  1.63750742  0.74130352  0.00477937  0.68790024
  0.27706731 -0.16188077 -0.06750751 -0.5197999  -1.47488796  1.93033611
  0.82899516  0.05233554  0.70042231 -0.92139516  0.62433534 -0.48685211
  0.16767414  1.06349723 -0.75430252  1.15261486 -0.93038746  0.44652332
  0.18328424 -0.41487979 -0.74741996  0.15814702 -0.00349495 -0.64344918
 -0.27361688  0.40479635], Measures: [0.1967676  0.14082581]
Elite 3: Fitness: 500.0, Solution: [ 0.3402533  -0.24067376  1.18355742 -0.63408093 -0.83115108  0.38273711
  0.59569155  0.79113042  0.35477538 -0.04331392 -0.30856283 -0.70169067
  0.25367826 -0.3277138   1.25971267  0.5240258  -0.66685833  1.22325992
  0.07231752  0.35901556 -0.65861606 -0.06788147 -0.67586747  0.60731136
  0.44359225  0.3732026   0.83441075 -0.77817741 -0.40671339 -0.37066454
  0.52746286  0.74277607 -0.55622679  1.1117105  -0.52376021  0.41441318
  0.15272134 -0.03273483 -0.94451122  0.57486105  0.12245686 -1.04184315
 -0.30073593  0.52814739], Measures: [0.25724087 0.0338043 ]
