Elite 1: Fitness: 500.0, Solution: [ 0.13251629 -0.91414545 -0.28079861 -0.66750591  0.43163901  1.07610735
  0.15740037  1.0662502  -0.63356149  0.58247704 -0.89322199  0.78670404
 -0.31845523 -0.62968681  0.88535353 -0.83144191 -0.82381298  0.78023181
  0.16304752  0.62015071  0.16319685  0.0244394   0.3334422  -0.38484743
  0.35353482  0.57054255 -0.9742872  -0.59277206 -0.8601163  -0.21995698
  0.34822371  0.04085647  0.03242208 -0.16798143  0.68688986 -0.45025761
  1.04659313 -0.23036866 -0.48299127 -0.37581352  0.61727109 -0.71612631
 -0.76940516  0.70161929], Measures: [0.0634909 0.0654044]
Elite 2: Fitness: 500.0, Solution: [ 0.64214177 -0.86051834 -0.02721155 -0.57632739  0.74343571  1.17124344
  0.05341398  0.88769759 -0.51167746  0.79772285 -0.40951449  0.28748175
 -0.55664565 -0.75827565  0.89907328 -1.09634978 -0.55737735  0.76115892
  0.51616358  0.50254515  0.00234057  0.08456506  0.06745154 -0.41955234
  0.31177082  0.02540691 -1.19258119 -0.29687975 -0.60852963 -0.49825216
  0.59128454  0.61933061  0.30646172  0.03418722 -0.16574909 -0.66715857
  1.22884718  0.09489715 -0.12044909 -0.23732751  0.74092805 -0.42986101
 -0.42454968  0.42604708], Measures: [0.15341044 0.04057638]
Elite 3: Fitness: 500.0, Solution: [ 0.61487595 -0.69987618 -0.03483212 -0.86858769  0.39928353  1.24073859
 -0.44840842  1.16369416 -0.83601077  0.26554335 -0.43614112 -0.04607235
 -0.97219996 -0.94167539  1.42535484 -1.41845096 -0.6153899   1.00105399
  0.23248685  0.77008542 -0.13394087 -0.05180566  0.37851624 -0.47081346
  0.33677908  0.41825942 -0.9880764  -0.32562555 -0.93874506 -0.5211452
  0.59139856 -0.05814269 -0.00521696  0.01482192  0.14574286 -0.97425607
  0.78644753 -0.49701571 -0.05689543 -0.39387978  1.14240368 -0.73939824
 -0.41305752  0.27837394], Measures: [0.17005539 0.10345855]
