Elite 1: Fitness: -107.0, Solution: [-0.87918162 -1.2307015   0.54590939 -1.53975483  0.24358358 -0.33249787
 -0.62359301  0.2875325  -0.007471    0.31419933  1.11617341  0.34480716
  0.37929656  0.91342116  0.9240102  -0.75860617  0.87127132  1.37661803
  0.12371466 -0.93531168 -0.22280239 -1.67065852  0.92124099 -1.21023125
 -0.61650584 -0.74729013  1.14606664 -0.28559263 -0.58538033 -0.68998322
 -1.06731973  1.21748629 -0.69238959 -0.15364347 -1.31834834 -0.22755386
  0.62836223 -1.04597366 -0.67187304 -0.56172703 -1.4279076   0.80870248
 -0.80548422  0.28072179  0.62445131  0.27644711  1.04216834 -0.11331006
 -1.03528842 -0.01867685  0.86185679  0.63755285 -0.90719861  0.50702849
  0.61345889 -0.95698098  0.31593631  0.53531094 -0.71317075 -0.73134645], Measures: [0.52786902 0.11183474]
Elite 2: Fitness: -108.0, Solution: [-0.46158503 -1.17503704  0.2069202  -1.23284984  0.5861206  -0.66345971
 -1.21952808  0.37126032  0.73462533 -0.2945501   0.58563105  1.40226958
 -0.45781367 -0.76874745  0.56411113 -0.57099582  0.94098178  1.53763453
 -0.27752411 -0.84332108  0.47230729 -1.09799009  0.27166864 -1.21136098
 -1.51507182 -0.33776431  1.04861619 -0.80094989 -0.59622212 -0.36919339
 -0.77652911  0.64674865 -0.84999576  0.19803687 -1.10197878 -0.40642264
  1.29801364 -1.29580713 -0.63487253 -0.37937074 -1.10318833  1.48259418
 -1.33734307  0.03770779 -0.05830148 -0.48784664  1.19232443 -0.34179345
 -1.07616178 -0.52574921  0.84980026  1.36609257 -1.09688188  0.6343248
  1.30585347 -1.17058348 -1.4561223   0.81743614 -1.45330722 -0.66541453], Measures: [0.5463066  0.62653467]
Elite 3: Fitness: -109.0, Solution: [-1.14522609 -1.21510986  0.41599795 -1.37000816 -0.12354861 -0.49754799
 -0.66440167  0.55201388  0.33057114  0.37548039  0.71090578  1.11323097
  0.18367105  0.99799113  0.86233699 -0.61994398  0.86123477  1.11884394
 -0.10921097 -0.71875139 -0.27058228 -1.39603147  0.98213434 -1.1273169
 -0.62356071 -0.21816696  0.67998711 -0.59710838 -0.87568304 -0.81024485
 -0.68730953  1.47717818 -1.1292644  -0.89942913 -0.92528979 -0.43145215
  0.6669804  -0.96325159 -0.67757178 -0.75370224 -1.58044251  0.67921299
 -0.39336934  0.12463833  0.77850734  0.32614844  0.97174548 -0.08270845
 -1.08418439 -0.09410875  0.869493    0.77502094 -0.61710317  0.68753098
  0.84572799 -0.67604356  0.34475794  0.52472091 -0.65966209 -1.10481695], Measures: [0.49559998 0.13479501]
