Elite 1: Fitness: 297.77539689971377, Solution: [-0.67634726 -0.85664823 -1.42065067  0.51255158  1.16115571  0.41201489
 -0.31200308 -0.02805525 -0.59950999 -0.03278886  0.42227499 -0.47056333
 -1.03273768  0.29741426  0.58892423  0.41143414 -0.11963995  0.4508794
  1.32667608 -0.27556006  1.29238822  0.63281772 -0.13164115  0.64475315
  0.56116768 -0.61039104 -0.65256584  0.25726939  0.56544253  0.89974838
  0.68760183 -0.78641522  1.67374831 -1.29362616  0.48921534 -1.01950064
 -1.6162762   0.1364858  -0.88541186 -1.10572432 -1.65747198 -0.11229075
  0.78918187 -0.27695921  1.06268888 -0.34841981 -1.67947649  0.27543727
 -0.41208067  0.62196209  0.43455023 -0.13633847 -0.71765375 -0.56193738
 -1.02439235 -0.90269884  0.02508122  0.8901685  -0.55228604  1.14953711
 -1.53035459 -0.02042074  0.98004167  0.53516713  0.6444797  -0.85844617
 -1.63950386 -0.34015028  1.63462794  0.51867375 -0.43471661 -1.38047991
 -1.44278715  1.25164708  1.67120316  1.60751266 -0.39739795 -1.01001884
 -0.71488401 -1.27384245  1.04235452 -0.88168392  1.36649444 -0.98735036
  0.87510081 -0.41852499  1.41428029 -0.09831519], Measures: [0.48842823 0.44525321]
Elite 2: Fitness: 289.93838837667346, Solution: [-0.11491171 -0.89247295 -1.65216116  0.66447053  0.98192482  0.63878348
 -0.45187174  0.23585074 -0.15816233 -0.07875874  0.67867647 -0.82528546
 -1.28338644  0.68044157  0.69682761  0.52223513 -0.22408548  0.25674758
  0.7769471  -0.16123205  1.45833141  0.29613195 -0.60008937  0.91165577
  0.36376869 -0.54498935 -0.35799082  0.28935735  0.80797245  0.7972552
  0.47413783 -1.0900521   1.36410395 -1.05099981  0.2606609  -0.9154484
 -1.5430197   0.05236912 -0.72501426 -0.4492632  -1.83034281  0.18718072
  1.01451199 -0.32672732  0.94045302 -0.27679268 -1.68093555  0.16395804
 -0.24871382  0.76919509  0.33672337 -0.31126909 -0.68271721 -0.47599003
 -0.80613334 -0.90315773  0.447399    0.93331903 -0.75651829  1.60470211
 -1.20525499 -0.12022065  0.76950145  0.59064021  0.7031858  -0.57447421
 -1.32006326 -0.29821568  1.7337872   0.25596031 -0.52542206 -0.98066312
 -1.31090585  1.0304776   1.67211531  1.47706356 -0.29124354 -0.95721018
 -0.92939031 -0.93059767  1.34240452 -0.96368723  1.13278407 -1.00525578
  0.75005047 -0.49119974  1.48000199  0.30884709], Measures: [0.54467704 0.34879864]
Elite 3: Fitness: 287.61888947630325, Solution: [-0.55403461 -1.40451466 -1.45766974  0.75618601  0.71312248  0.73849521
 -0.42144034  0.23088414 -0.48793498  0.19667089  0.35378134 -0.31327224
 -1.15629716  0.38712938  0.87054133  0.45776837 -0.26503602  0.08651386
  0.92623256 -0.02850817  1.52952156  0.40076163 -0.22583241  0.77753405
  0.68136811 -0.62264983 -0.65348882  0.57507559  0.81603368  0.56926013
  0.23395368 -0.7318532   1.68541436 -1.0653996  -0.22678396 -0.81636834
 -1.48808654  0.40767351 -0.76487121 -0.45838712 -1.35062575  0.03303353
  0.78486569 -0.37545819  0.83499279 -0.58258803 -1.60580297  0.60213493
 -0.18840776  0.44217058  0.52464157  0.03905006 -0.80130014 -0.3262511
 -1.04179366 -1.01529298  0.0706612   1.00760635 -1.18685396  1.61808919
 -0.89274476  0.27897448  0.88412566  0.62107225  0.34396409 -0.454355
 -1.61482    -0.42301987  1.53594672  0.36843937 -0.38093713 -1.58328767
 -1.69108724  1.05890834  1.38520469  1.41241161 -0.08147723 -1.08219882
 -0.95577017 -0.9289646   1.29383031 -0.984612    1.28002878 -1.19334543
  0.62555424 -0.35092746  1.00572334  0.47450399], Measures: [0.44726019 0.39341192]
