Elite 1: Fitness: 271.98203517774004, Solution: [-1.26270034  0.7377375   1.07442255 -1.26019304  1.61729126  1.45223571
  1.09641498  1.75843122 -1.04093228 -0.3537614  -0.81108111  0.20793589
 -1.75507005 -1.86914714  0.46268884  2.         -1.77700664  0.42832328
  0.13704083  0.25323663 -0.95805602 -1.03439174 -0.26231438 -1.40078316
 -0.51590683 -0.54166292 -0.35516354 -0.93354144  1.49851266  1.15752188
  0.68960435 -0.93231501  0.72920827  0.46985434  1.27425559  1.46912544
 -0.40472866  0.09569348 -0.69706218  0.4018656   1.43926597  1.12025483
 -0.25145521 -0.3591994  -0.05347904 -1.47725498  0.26734976  0.3322082
  1.5581412   0.56450149  1.04152901  1.79017946 -0.05892082  1.87038407
  1.040338    1.44959831  1.87878504  0.16942732  0.74853679  0.11640416
  0.7906804   0.92576394 -1.27623478  0.16785238 -0.85771135 -0.4506285
 -0.01837677  1.0244099   0.90696529  0.35357747 -0.03101496  1.32424356
  0.86421463  1.19338187  0.01614918  1.06677398 -1.83646574  0.83003095
  0.61263748  2.          0.10768153  0.30216049 -1.12866962  0.66726117
 -0.21123689  0.60436148 -1.38206243  0.73578871], Measures: [0.33570821 0.69567906]
Elite 2: Fitness: 271.41749110359586, Solution: [-3.83467212e-01  1.09080354e+00  1.23640660e+00 -1.09605748e+00
  1.45217140e+00  1.48023983e+00  1.06172165e+00  1.99882245e+00
 -1.39069185e+00 -3.21811477e-01 -6.04694945e-01 -2.48571876e-01
 -1.83589606e+00 -1.95735215e+00  6.45733721e-01  1.81178900e+00
 -1.06428580e+00  9.68575836e-01  2.14294651e-01 -8.09682708e-02
 -7.88315342e-01 -9.85294232e-01 -1.94392848e-01 -1.69180848e+00
 -8.96697518e-01 -6.00938440e-01 -9.19478418e-03 -1.12177961e+00
  1.98463307e+00  8.25437423e-01  1.46478777e+00 -1.05144238e+00
  6.00334413e-01  8.17195190e-01  1.54350482e+00  1.06759957e+00
  3.67530003e-01  8.16745634e-01 -5.34496051e-01  1.23189895e-01
  1.56631131e+00  9.64046679e-01 -5.05703936e-01 -7.92069307e-01
  7.00039342e-02 -1.20708912e+00  1.89055467e-03 -6.19219531e-01
  1.17314119e+00  8.45970051e-01  8.09797891e-01  1.84705484e+00
  1.41592544e-01  1.93534972e+00  1.81106213e+00  1.71579435e+00
  1.68278862e+00  2.68686518e-01  1.05982883e+00  2.51897686e-02
  7.32567727e-01  9.16135079e-01 -8.13567717e-01  4.49210218e-01
 -1.15478823e+00 -2.25652519e-01  4.71608331e-02  9.54965989e-01
  9.86516049e-01  4.45701117e-01  6.12705893e-01  1.26551410e+00
  1.26853329e+00  1.41599313e+00  8.67092201e-01  1.03241332e+00
 -1.92276581e+00  3.33125119e-01  1.50423237e+00  1.81771364e+00
  2.90705091e-02  6.49829911e-01 -6.86226420e-01  6.58330975e-01
 -4.73339388e-02  9.18782404e-01 -1.41973338e+00  6.25400948e-01], Measures: [0.36027726 0.89372524]
Elite 3: Fitness: 271.1879525504293, Solution: [-1.07754168  0.83841958  1.32309363 -1.91582274  1.92443165  0.19704154
  1.4126367   1.64496258 -0.75625822 -0.24305632 -0.3908003   0.66097077
 -1.525976   -1.49071423  0.8268108   1.86524554 -1.80428604  0.60101979
 -0.5398446  -0.27890036 -0.8581248  -0.60257113 -0.02558961 -2.
 -0.67556551 -0.42252967  0.06651732 -0.68798638  0.79051711  1.16381343
  0.53330383 -0.39218178  0.06535268  0.94272873  0.89338981  1.37636956
 -0.46489772  0.59797122 -0.23151417 -0.12914963  2.          1.10529864
  0.3060188  -0.50853951  0.4202298  -1.31034227  0.38153727 -0.74974978
  1.23837924  0.88359816  1.50971114  1.79959715 -0.13678281  1.93160008
  0.60336342  1.46102768  1.86719872  0.80387596  0.67486643  0.17989666
  1.00747334  0.30990126 -1.36104087  0.51351593 -0.60692186 -1.10720622
 -0.09838246  0.94099021  1.21588125  0.70615827 -0.01902845  1.09726537
  0.8478199   1.50052333 -0.02952047  1.58949774 -2.          0.50880297
  0.21756959  1.02273883 -0.38363524  0.87511761 -0.95779141  0.99740695
  0.01288491  0.74318726 -0.83274656  0.75487569], Measures: [0.35097733 0.73380427]
