Elite 1: Fitness: 315.8772091003986, Solution: [-1.52575869  1.56449067 -0.48232981  0.85893558  1.53625798 -1.2136643
  0.31731654  0.88153141  0.31976573 -0.83457625  0.54599701  0.44926745
 -0.48617926  0.57160648 -1.51699808 -0.97410314 -0.07590089 -0.76398329
 -0.94265205  1.16672488 -1.72400472  0.04200213 -0.5007399  -1.77244903
  0.97523609 -0.05755061 -1.94487452  0.2958954   1.41087964 -1.03048395
 -1.24344718  1.41875748 -0.49764135  0.75867767 -1.33367674  0.53104185
 -1.06572301  1.4931576   0.67252545 -0.57680438  1.33064103 -0.68560983
 -1.41421205  1.70009042 -1.23907947 -1.83233023 -1.69104417  1.3367404
  0.00316015 -1.19081592 -1.95655767 -0.51260443  1.52843529 -0.4532124
  0.89141244 -1.83325279 -1.28852403 -0.52641416 -0.09160048 -0.68755024
 -0.66925676 -1.05975141  1.81205964  0.55529423  0.59757559  0.12520978
  1.00001244  0.53624873  0.37760091 -1.22200144  0.35294453 -1.76006312
 -0.8909131   1.88775436 -0.24289669  1.13792105  0.14048382 -0.51728316
  0.10239316  0.86572583  0.42021436  0.92624747 -1.10476271 -0.91548094
 -0.9399137   1.43706858 -0.32815331  1.3673799 ], Measures: [0.25384993 0.47934576]
Elite 2: Fitness: 315.8560012293746, Solution: [-0.05722573 -0.41683074  0.66131718 -1.50004307 -0.69775314  0.93329638
 -1.63481211  1.41363865 -0.61993052 -1.76280219  1.97510147  0.16189862
  0.0221817   0.71806926  1.6223235   1.34708018  0.50779611  0.09392355
 -1.21256576 -1.41215191 -1.56430471 -0.55691342 -0.25301697 -0.75510278
  0.86591187 -0.32338796  0.89791689 -0.1940849  -1.45552628  0.56609163
 -0.59410676 -0.26944326  1.830838   -0.10262046  0.0615075  -1.4327092
 -0.42374424  0.50014315 -0.36779986  0.90847979 -0.0513813  -0.65481177
  0.81368658 -0.88815678  1.80333644 -0.51725363  0.31995647  1.88871283
 -0.61457821 -0.34540432  0.87567084  0.5508193   0.31812985  0.42276925
 -1.62317782 -1.36923776 -0.18227758 -1.25994105  1.76410236 -0.09947497
  1.17325884 -0.66438633  0.00911184 -0.46912887  0.50588942  1.90475019
  0.84985532  0.28194149 -0.58198497  0.61682879  1.97797763 -0.12225412
 -0.57405643 -1.57653764  1.01723005 -0.56223934  0.63095927 -1.32726634
  0.18053199 -0.5989192   0.12277406 -0.36859132 -1.30326625  0.22700401
  1.4324212  -1.07668816 -0.52086242 -0.02474193], Measures: [0.46703172 0.3346743 ]
Elite 3: Fitness: 314.4831726454911, Solution: [-0.88890137  1.64375032 -0.19537481  0.42125919  1.41080925 -0.9910367
 -0.31006553  0.61966737  0.2557799  -0.66830812  0.34907817  0.30109955
 -0.23001304  0.98855034 -1.74461556 -1.82164077 -0.34927594 -0.68697365
 -0.54548141  0.79736334 -1.72597382  0.1859778  -0.74427561 -1.73389681
  0.42654879  0.04971816 -1.65957476  0.91728353  0.52998986 -1.28450284
 -1.09473731  0.73114714 -0.18986049  1.10934713 -1.10025489  0.20181132
 -1.68614078  1.76008916  0.46806208 -0.54239627  1.08928709 -0.55523253
 -0.9059276   1.59050867 -1.27364745 -1.35304311 -1.15736774  1.38224851
 -0.41541089 -0.61440793 -1.17362127 -0.59647657  1.42737102 -0.32771144
  1.35582505 -1.36829306 -0.77550503 -0.72760173  0.6602938  -1.0726418
 -1.2462119  -1.21288729  1.81959033  0.13110154  0.68042819  0.23655656
  1.2727743   0.80529376  0.98989799 -1.04483257  0.54580921 -1.16235524
 -0.67285109  1.52686803  0.01085128  1.37269631  0.38883224 -0.15373016
  0.04429519  0.77179541  0.86910828  0.70445352 -1.21148421 -1.19910941
 -0.5815129   1.91702293 -0.04516278  1.82752134], Measures: [0.31809509 0.55622183]
