Elite 1: Fitness: 283.78016494883593, Solution: [ 3.74838842e-01 -1.76245763e-01  7.79307453e-01  8.08955594e-01
 -6.42556798e-01 -5.60469460e-01 -2.82122638e-02  8.13330875e-01
  1.00489908e-01  5.30439011e-01  7.18993542e-02 -1.53509951e+00
  1.27445804e+00  3.65171389e-01 -4.75719124e-01  5.49949401e-01
 -1.22768508e+00 -5.16695117e-01  2.33775566e-01  4.12406162e-01
  4.90064813e-01  7.65740477e-01 -8.72226882e-01 -3.63858694e-01
 -6.77390976e-01  6.55010380e-01  1.70414877e-01  1.56428520e-01
 -1.81422041e-01  8.91617672e-01 -8.41724802e-01  4.49869422e-01
  4.08539704e-01 -6.61799830e-01 -1.45239403e+00 -1.35420137e+00
 -2.53797045e-01  5.46509195e-01  8.60366243e-01 -4.20676665e-01
  4.16946333e-01  9.86126121e-01  3.82116244e-02  9.66657270e-02
 -1.47310406e-01 -1.61209338e+00 -4.52278383e-01 -1.02969605e+00
 -4.61906526e-01 -6.81261671e-02  1.06244327e+00  3.13459659e-01
 -3.39644077e-01  4.50467484e-01  6.38267884e-01 -1.11343010e+00
  7.41804021e-01  5.57609506e-01  8.82251989e-01 -7.63956451e-02
 -1.22773231e+00  5.14869120e-01 -1.08136890e-01 -7.50619725e-04
  8.98429577e-01  1.14644539e+00  1.59477370e-01  1.61967547e-01
 -7.24560402e-01 -8.20228878e-01 -1.41299450e+00  6.84798069e-01
 -1.65717807e-01 -5.46543288e-01  4.49860832e-01 -9.87890111e-01
  2.24074298e-01 -6.77203596e-02  8.59637950e-01 -9.48048663e-02
  3.64277792e-01  6.02319368e-01  1.81468103e-01  7.93465751e-01
 -1.16842040e-01  6.72911518e-01 -4.11224668e-01 -2.87730207e-01], Measures: [0.35461411 0.09143039]
Elite 2: Fitness: 283.01527558857055, Solution: [ 0.47400604 -0.04611096  0.56927322  0.63812785 -0.5672185  -0.26364924
 -0.16469834  0.89009063 -0.3007938   0.3954118   0.35816471 -1.39625346
  1.23369431  0.5369141  -0.67171323  0.39049922 -1.22421988 -0.33747083
 -0.02891512  0.1689823   0.58039123  0.34581237 -1.26113179 -0.11609143
 -0.96237264  0.7335486  -0.04844616 -0.3277264   0.10698507  0.49546638
 -1.27184244  0.65471982  0.86885438 -0.78182969 -1.5295328  -1.77608094
 -0.04699758  0.6103828   1.12922729 -0.33673061 -0.04959615  0.83670801
  0.0286472   0.0706362  -0.39697265 -1.65846557 -0.73069822 -0.96756303
 -0.46040284  0.42577312  1.055612    0.35793736 -0.62097564  0.60360104
  1.00111144 -1.49138935  0.55695852  0.24500644  1.17679931  0.09279157
 -1.0783407   0.31342152 -0.60762111  0.38616537  0.99980025  1.38154981
  0.20045809  0.52115516 -0.93915936 -0.83124701 -1.29266295  0.84640422
 -0.44566576 -0.75107833  0.74783854 -0.71937992  0.16978784 -0.12923016
  0.69168402 -0.33521958  0.69934037  0.56160535  0.04394435  1.14105557
 -0.1209338   0.82171522 -0.60057985 -0.2030629 ], Measures: [0.29583328 0.14979438]
Elite 3: Fitness: 282.37358214502393, Solution: [ 0.06052443 -0.6292134   0.74350556  0.60909859 -0.48193249 -0.5097248
 -0.4473859   0.45601914 -0.0261072   0.20340696  0.3483981  -1.09957564
  1.45128574  0.36309314 -0.69416735  0.84323936 -1.23051512 -0.67363284
  0.0676468   0.50965153  0.73004074  0.85769993 -0.92788951  0.26114746
 -0.94675684  0.75511919  0.21883116  0.08934711 -0.02594202  0.9706495
 -0.79404699  0.31726134  0.45747189 -0.68628839 -1.40654373 -1.58799843
  0.04097162  0.47904573  0.85980339 -0.91673014  0.19695718  0.93749417
  0.03132867  0.12972528 -0.51993904 -1.54006372 -0.75574136 -1.32419536
 -0.51218351  0.22090263  0.61000768 -0.03826241 -0.70914794  0.47885869
  0.54012225 -0.80469059  0.78542731  0.32312085  0.82373805  0.06670313
 -1.11243991  0.35099434 -0.17231302 -0.05531001  0.73938335  1.09709685
 -0.00810297  0.53653791 -1.10941478 -0.65654612 -1.15751334  0.88164504
 -0.1492522  -0.65148876  0.72372053 -0.9051639   0.32100743 -0.48269084
  0.82057812 -0.13602139  0.58902631  0.67486791  0.26329297  0.93783152
 -0.06042747  0.61498357 -0.61089547 -0.68789221], Measures: [0.37834611 0.06885173]
