Elite 1: Fitness: -103.0, Solution: [-0.42487423 -0.74312037  0.24290567 -0.41616168 -0.27161664  1.51640518
 -1.93499944 -1.78447369 -0.8188527  -0.82503871 -0.08939397  1.19914105
 -0.49737194  0.12925482  1.10298459  0.5098345  -1.67115393 -0.15711579
 -1.20453521  0.91878371 -0.17807216  1.79681465 -1.39443729 -1.4506544
 -0.87559327  0.29834232  0.163045    0.24176359  0.12963972 -1.24513166
 -1.34386358 -1.83547527 -0.8442658   0.00900119 -0.82679387 -1.68531908
  0.58641672  0.33581261 -0.68670019 -0.12654511 -0.83020043  0.28970629
 -0.31899453 -0.38043974 -0.23896538 -0.41824175 -1.92556936 -0.93285749
 -1.41871377 -0.63814301 -0.93840598  0.70727476 -0.31600961  0.30507069
 -1.03990622  0.93209436  1.37250267  0.37912802 -1.8663186  -1.29040339], Measures: [0.54559242 0.97320166]
Elite 2: Fitness: -104.0, Solution: [-0.86496794 -0.7033328  -0.08623934 -0.84158554  0.01849375  1.70398547
 -1.77143649 -1.19448301 -0.76031654 -0.60209811 -0.38462007  0.15133733
 -0.7153304   1.28162088  0.71244837 -0.05740975 -0.22999663  0.51057372
 -0.61136228 -0.36727658  0.85366723  1.13525478 -0.70599248 -1.6620775
 -1.22072771 -0.3760393  -0.23909915  0.04074907  1.38050534 -1.10155169
 -0.17381421 -0.92220518  0.84825587 -1.31151139 -0.89048482 -1.17257032
  0.12946301  0.15396464 -0.2512827  -1.77458852 -0.87115423  0.54646788
  0.3268659  -1.01507391  0.39980829  0.73845176 -0.49295104 -0.58330623
 -0.47763235 -0.42688384 -1.01955949  0.64574814 -1.150556   -0.6757086
 -1.35412375  1.07412114  0.50748111  0.97666098 -0.667299   -1.61864968], Measures: [0.46112741 0.15817872]
Elite 3: Fitness: -104.0, Solution: [-0.53845631 -1.54089465  0.48454743 -0.74845017  0.83082462  1.02977166
 -1.93145652 -1.12821103 -1.1361278  -1.20774092 -0.09220567  1.40117028
 -0.16201723 -0.01068221  1.48944824  0.78534516 -0.96548104 -0.25228419
 -1.10376408  0.135201    0.01983245  0.66419026 -1.77331542 -0.22834735
 -1.44133378 -0.28204966  0.19937307 -0.51558838  1.16382529 -1.25825077
 -1.31231232 -1.59835832 -0.5558219  -0.49907935 -1.09087115 -0.72916978
  1.84979693  0.62659873 -1.20827288 -0.48307287 -0.870214    1.58127706
 -0.55685158 -0.97243386 -0.76708569 -0.89378931 -1.48857835 -0.32262825
 -1.8725042  -0.33915543 -0.74009231  0.54289785 -0.58030144  0.40321382
 -1.17194988  0.99732465  1.67202683  1.25767844 -1.2827926  -1.15004521], Measures: [0.64083451 0.47374201]
