Elite 1: Fitness: -99.0, Solution: [ 1.01694735 -0.54283786 -0.43622772 -1.20556244  0.3985192  -1.78405555
 -0.51892787 -1.70387205 -0.18191346 -0.18334926  0.84778892  0.34592209
  0.27190858 -0.6359172   0.4287744  -1.25180292  0.18082048 -0.32830256
  0.13805734 -0.68249186  0.96026846 -1.50594875  0.05755735  0.59260923
 -0.34709333 -0.61547231  0.81090643  0.08065378  0.79196801 -0.02099444
 -1.543229   -0.45795978 -1.35255823 -0.52527078 -0.65232017 -0.29604387
  0.21903128  0.7048397  -0.01383027  1.11172073 -0.66455482 -0.49240841
 -0.61515488 -0.59679708 -0.59284652 -0.91891933  0.92420389  0.06591404
 -0.05071489 -0.95132038 -1.0159646   0.56873005 -0.76166804 -0.89658053
  0.22396051 -0.94585948 -0.16319984  1.18226159 -1.9775141  -0.38378019], Measures: [0.41208444 0.19114958]
Elite 2: Fitness: -99.0, Solution: [ 0.8223557  -0.66983256 -0.35679089 -0.72951244 -0.03533465 -1.14669531
 -0.94143973 -1.2372485   0.01752876 -0.2514137   0.48009265  0.16513649
  0.12122834 -0.34735756  0.61736773 -1.0384328   0.42869284 -0.63122412
  0.37142713 -0.41362498  1.00975525 -1.34551922  0.29180185  0.53715968
 -0.55342917  0.02956068  0.40508529  0.56698023  1.21438672 -0.1968276
 -1.47321681 -0.72415179 -1.04854487 -1.0083825  -0.56854563  0.05739338
 -0.12127098  0.41564042  0.40233747  1.07693142  0.05709287 -1.12030099
 -1.24195882 -0.35538915  0.44060834 -0.47817123  0.88453993 -0.08459593
  0.08531229 -0.8503935  -0.88816093  0.23751196 -0.26941765 -0.98193728
  0.24570475 -0.6461968  -0.58158156  0.27896451 -0.96681601 -0.60324801], Measures: [0.32514791 0.18449287]
Elite 3: Fitness: -99.0, Solution: [ 0.80840531 -0.57907003 -0.50916166 -0.66116999 -0.21098924 -0.98596398
 -0.92733473 -1.51037382 -0.0918353  -0.08832931  0.66325188  0.29163365
  0.08392413 -0.37432785  0.40976869 -0.9732908   0.50066851 -0.657877
  0.30107863 -0.30205183  1.08086866 -1.17942954  0.25269018  0.32308792
 -0.48341551  0.28788853  0.48123945  0.25983303  1.32445128 -0.06448298
 -1.67562622 -0.4707474  -0.9174311  -1.12608794 -0.32075874 -0.18444878
  0.01003204  0.23868348  0.58381102  0.88188654  0.01808634 -0.86549396
 -1.20514136 -0.49839819  0.48905005 -0.42935495  1.10841987 -0.32491967
 -0.01606259 -0.75397405 -0.74942945  0.33070252 -0.12102914 -0.92191504
  0.04875061 -0.42077371 -0.5362959   0.25008974 -0.88958421 -0.49866594], Measures: [0.22132857 0.15805271]
