Elite 1: Fitness: -104.0, Solution: [-0.32533193 -1.08067738 -0.37355548 -0.21225815  0.28051218 -0.02710679
 -0.4903185   0.83380044 -0.4855541   0.67556617 -0.56123963 -0.68336125
  0.22197319  1.25990435  0.40052749 -0.33874326 -0.43651265  0.15515023
  0.32044805 -0.36382775  1.27320265 -0.65512341  0.45265395  0.24908055
 -0.4858481  -1.46119726 -0.55937211 -0.03834903  0.18260737  0.17665644
 -0.4123348   0.60328783 -1.51350313  1.09935945  0.40339486  1.02808185
 -0.37520027  0.48985123 -0.977493    0.80438069  0.29692904 -0.15593902
  0.5181427   0.90271661 -0.13447004  0.75113685 -0.61086998  0.09562203
 -0.08707472 -0.66982972  1.09429199 -0.35571818 -0.82623631  0.00862833
 -0.24052246 -0.22805537 -1.37960534 -0.40229021  1.30179345 -0.36882764], Measures: [0.40619571 0.07235072]
Elite 2: Fitness: -104.0, Solution: [-0.45763808 -0.94349956 -0.37813316 -0.18831786  0.0809386   0.13593149
 -0.246409    0.79402315 -0.64270256  0.75793397 -0.60466369 -0.5883514
  0.26768626  1.29919973  0.29769825 -0.38084024 -0.45611146  0.15102164
  0.41290076 -0.48231734  1.38464286 -0.7898363   0.38099851 -0.01578091
 -0.51655049 -1.67043884 -0.45208081  0.07388434  0.13610453  0.18730694
 -0.63268572  0.72918143 -1.55711716  0.9520155   0.56127689  0.98679947
 -0.46151606  0.65808983 -0.92929913  0.88711333  0.45340347 -0.46108883
  0.53881918  0.86737187 -0.05404901  0.78644641 -0.67986945  0.10251581
 -0.26143605 -0.51737182  1.08683018 -0.50554185 -1.09389953  0.09642663
 -0.20914908 -0.25030424 -1.63401592 -0.45190816  1.0432186  -0.33423115], Measures: [0.4023946  0.09782699]
Elite 3: Fitness: -104.0, Solution: [-5.31593571e-01 -1.09573997e+00 -4.82822342e-01 -4.60002021e-01
  9.57483616e-02 -1.70896887e-02 -7.56499196e-01  9.50096220e-01
 -3.81828018e-01  4.15728431e-01 -4.52182952e-01 -4.19568412e-01
  2.67794574e-01  1.33906130e+00  3.31883650e-01 -2.12416152e-01
 -7.15580979e-01  2.75687802e-01  1.32729182e-01 -6.41644998e-02
  1.32145304e+00 -5.44576767e-01  4.45005327e-01  4.17714307e-01
 -4.41997372e-01 -1.37337330e+00 -5.95753249e-01 -2.35116556e-01
  5.86104853e-01  4.47552366e-04 -3.30632528e-01  7.15530381e-01
 -1.63358433e+00  1.24202100e+00  6.30713566e-01  9.97471773e-01
 -4.94645230e-01  6.24024506e-01 -1.04548450e+00  7.87221361e-01
  1.44604771e-01 -1.25240767e-01  3.65746925e-01  1.04198366e+00
 -2.90864641e-01  6.59286723e-01 -5.57156600e-01  3.92216385e-02
 -6.90561883e-02 -7.53050455e-01  1.11965460e+00 -5.50286780e-01
 -9.77769588e-01 -1.98721820e-01 -5.20009891e-01 -2.62743263e-01
 -1.57856055e+00 -2.69424351e-01  1.12628130e+00 -4.40243109e-01], Measures: [0.46800623 0.11194537]
