Elite 1: Fitness: 500.0, Solution: [ 0.21859295 -0.09346402  0.07578583 -0.71552489 -0.6019543  -1.22698923
 -0.6050483  -0.55137876  0.94088297  1.06042613 -0.44827461  0.3111215
 -0.63166179 -0.19251996 -0.95687902 -1.06680063 -0.51386455 -0.54821406
  0.94943201 -0.97379751 -0.01984476  0.72084841  0.60955186 -0.696416
 -0.65289778 -0.17226863 -1.09933211  0.21024908 -0.12623057  0.92539471
 -0.56459066  0.59843495  0.46643783 -1.2276502   0.27051911  0.66532035
 -0.55861224  0.11402003 -0.97524424  0.70670811  0.5270802   0.2306722
  0.70378073  0.83542661], Measures: [0.06805023 0.09360114]
Elite 2: Fitness: 500.0, Solution: [ 0.40368298 -0.21113332  0.40014876 -0.27786102 -0.62699177 -0.62307499
 -0.76267374 -0.12300777  1.16154134  0.46666846 -0.7790491   0.43241514
 -0.82157732 -0.57394691 -1.01381829 -1.38390829 -0.68551845 -0.32321457
  0.6224194  -1.28032797 -0.26811716  0.73372259  0.2132361  -0.24020125
 -0.7895134  -0.12103637 -0.64450081  0.38697477 -0.0319335   0.89756626
 -0.74851395  0.31466649  0.64973535 -1.22128499  0.16364777  0.70134473
 -0.73418716  0.40577619 -0.957667    0.75609183  0.80448471  0.04366928
  0.63221177  0.54404082], Measures: [0.05602695 0.15801567]
Elite 3: Fitness: 500.0, Solution: [ 0.18763104 -0.13279024  0.08906218 -0.65645757 -0.75579758 -0.87628366
 -0.40059003 -0.3357089   0.76079019  0.64113542 -0.75068161  0.2403646
 -0.44574707 -0.4349635  -0.75965984 -0.6882909  -0.35836616 -0.55240151
  0.86029292 -1.39734967 -0.30592099  0.60339104  0.34168301 -0.39228671
 -0.71559118 -0.54883085 -0.76087812  0.55849619 -0.32319408  0.74486763
 -0.70047053  0.51978053  0.51955948 -0.828115    0.19391362  0.72126098
 -0.33634648  0.15982574 -0.41741379  0.95158713  0.77043945  0.04828252
  0.55615753  0.71008794], Measures: [0.1707273 0.0549034]
