Elite 1: Fitness: 500.0, Solution: [-0.43158259  0.49296251 -0.20907966 -0.82452806  0.81081542 -0.32617976
 -0.3783662  -0.89793764  0.18123203  0.48788973  0.69832687 -0.40525402
  0.17457875  0.93864602 -0.48511589  0.59065979 -0.39613833 -0.9947272
 -0.60227911  0.73000742  0.67109284  0.04692642 -0.22385356  0.5786567
 -0.17322267 -0.58772857  0.77503382 -0.55131285  0.83948336 -0.82506285
 -0.97100435  0.46111548  0.265693   -0.71948563 -0.18801083 -0.04159266
 -0.33398971  0.66505653 -0.37266668 -0.97852492  0.30558339 -0.0103915
 -0.02702568  0.82457404], Measures: [0.08583941 0.09106705]
Elite 2: Fitness: 500.0, Solution: [-0.6396208   0.45778098 -0.28698622 -0.81252757  0.76784594 -0.35663301
 -0.53773844 -0.89580224  0.17292497  0.41202661  0.71171692 -0.61697392
  0.14878687  0.85665066 -0.72344451  0.50830517 -0.35066206 -0.81846504
 -0.62279516  0.79035592  0.79109381  0.0259561  -0.3514416   0.52583805
 -0.17261694 -0.65038547  0.88170225 -0.67947094  0.84161583 -0.85865706
 -0.96072348  0.51247043  0.17339748 -0.5151962  -0.30784182 -0.23354716
 -0.23064073  0.79439259 -0.49173758 -1.0465868   0.42284227 -0.13738313
 -0.02423768  0.80966627], Measures: [0.03779946 0.10149042]
Elite 3: Fitness: 500.0, Solution: [-0.78538616  0.6101173  -0.17890882 -0.74585176  0.68160112 -0.37543818
 -0.66357929 -0.95848624  0.08989761  0.32445782  0.67382414 -0.54584258
  0.36914575  0.80709647 -0.84276827  0.68612992 -0.38808852 -0.83063251
 -0.40851246  0.86605848  0.82985812  0.16443063 -0.26318772  0.29295889
 -0.12331778 -0.7643512   0.82951589 -0.55067493  0.81377874 -0.97974734
 -0.96916479  0.37539183  0.14416115 -0.43496213 -0.46870454 -0.28471918
 -0.10740389  0.60877361 -0.49974588 -1.00026035  0.41071332 -0.20943783
 -0.07170876  1.05201597], Measures: [0.14320424 0.09166563]
