Elite 1: Fitness: -103.0, Solution: [-1.43916798e+00  1.40577990e+00  5.27518616e-01  3.41978813e-01
  1.18985827e+00  1.44559301e+00  7.76542683e-01 -1.23438245e+00
 -1.27268465e+00 -8.13337816e-01  7.71072102e-01  1.11713540e+00
  7.55702808e-01  8.72304951e-01 -2.17169724e-02  5.28119816e-01
 -1.21437296e+00 -4.38590333e-01  1.20761857e+00 -6.21237086e-01
 -9.15324832e-01 -5.34905465e-01 -2.24800099e-01  4.05291754e-01
 -3.21353466e-01  4.86462872e-01  9.71530176e-01 -1.40719916e+00
 -1.14982313e+00  9.61415039e-01 -4.01581782e-01  8.30676202e-01
  6.22086473e-01  1.75418649e-01  1.11666416e+00  3.27526606e-01
  1.06783903e+00  1.70853972e-01 -1.65758759e-01  7.44729995e-01
 -4.71156066e-01  2.66085227e-01 -7.57020317e-01 -1.85657446e-02
 -5.73902972e-01  7.91425199e-02 -1.24767163e-01 -5.68276534e-01
 -7.32132731e-04  8.04931320e-01 -1.29797298e+00 -1.47259575e+00
  1.42188221e+00 -7.34814400e-01 -8.16642796e-01 -6.81302535e-02
  1.05824920e+00 -4.36266310e-01 -1.39844392e+00  1.33300646e+00], Measures: [0.49797455 0.18416023]
Elite 2: Fitness: -103.0, Solution: [-0.75638175  0.85051455  0.63353802 -0.16005007  1.43961641  0.47086802
  0.79797039 -0.54203083 -1.41913651 -0.32692384  0.96746179  1.33246299
  0.36397564  0.50939977  1.16432249  0.55932986 -0.92352487 -0.60222937
  0.6207205  -0.00449859 -0.69608728 -0.36772581 -0.14573839  0.87105554
 -0.53274896  0.08280108 -0.35015088 -1.18949399 -1.1682921  -0.52587791
 -0.54381782 -0.56222004  0.0729448  -0.14289349  0.74861504  0.12692492
  0.85103662  0.65917844 -0.5536518   0.45993822 -0.2842063   0.55653819
  0.06538681 -0.56816572 -1.10902453 -0.21898624 -1.26547877 -0.32148738
 -0.22547182 -0.28453974 -0.2316642  -0.71078147  1.15795515 -0.84987829
 -0.70386335 -0.01307213  0.74154143 -0.54979549 -0.92961724  1.18581787], Measures: [0.38727425 0.10056665]
Elite 3: Fitness: -103.0, Solution: [-0.98356627  0.51290292 -0.42890198 -0.21594387 -0.10288974  1.34932247
  0.6256188  -1.00034061 -0.85370724  0.09306883  1.46603971  1.32156703
 -1.15492488  1.35855707  0.30697931  1.26663469 -0.98314409 -1.19751079
 -0.18371434 -1.99138575 -0.69248507 -1.41999071 -0.71260745  1.49896069
 -1.67024555  0.21026449 -0.52941751 -1.65465453 -0.02165264  0.71912976
 -0.77153238 -0.0972252  -0.38886604 -0.97944916  1.43268475  0.78434191
  1.99017549  0.62405615 -0.13150825 -0.84054712 -0.35406679  1.84782225
 -0.38644447  0.07322127 -1.21173459 -1.12230984 -1.66061924 -0.39831691
  0.59941319  0.55873906 -0.71565666 -1.34437584  0.36957937 -1.17798586
 -0.63069885 -1.04849598  1.60629835 -0.07854268 -0.72766474  0.96566363], Measures: [0.62546598 0.26347307]
