Elite 1: Fitness: -90.0, Solution: [ 5.46259054e-01 -6.46728120e-01 -8.50731977e-02  4.88680073e-01
 -3.08156336e-01 -1.21422972e+00  9.38249932e-01 -1.06797366e+00
  4.45757363e-01 -1.42778887e-01 -1.15601371e+00 -6.11981954e-01
  1.58195178e-01  7.42011097e-01  1.24831878e+00  1.18114834e+00
  6.54879584e-01  6.19403313e-01  5.26059780e-01 -1.16254775e+00
 -5.88254017e-01 -7.90186488e-02 -1.28535853e-01 -6.43879992e-01
 -7.70902961e-01 -1.19599389e-01  1.16226310e+00  2.71386458e-02
  7.50575304e-01 -3.16940170e-01  9.77977860e-01  9.39234208e-01
  1.22645347e-01  1.10181470e+00 -2.54818148e-04 -8.11361197e-01
  5.34883176e-02 -5.73311695e-01 -4.50636465e-01 -3.29986381e-01
 -9.22485787e-01 -4.63564636e-01 -8.90982626e-02 -6.70672216e-01
 -8.75237853e-01 -4.53629814e-01 -5.36360471e-01  1.27802435e+00
 -1.82581827e-01  8.77103467e-03 -1.01743285e+00 -3.56070096e-01
 -1.09643629e+00 -1.32135770e-01  8.04186701e-01  8.06601784e-02
 -8.15639068e-01 -1.27650702e+00 -1.06591113e+00  9.15694087e-01], Measures: [0.34875286 0.09210238]
Elite 2: Fitness: -90.0, Solution: [ 0.63603042 -0.42737065 -0.08719446  0.42333787 -0.08776534 -0.78276456
  1.12946645 -1.19002633  0.24023127 -0.34978738 -1.34238573 -0.7797811
  0.72226453  0.69286312  0.92865421  1.00034579  0.6502336   0.40897063
  0.65496586 -0.66071793 -0.35632305 -0.22467159 -0.12655799 -0.60603283
 -0.81783622  0.01410699  1.14878803  0.28089116  0.29868945 -0.05219394
  0.97816856  0.83705563  0.06293685  1.38822099  0.12560029 -1.14521876
  0.08710101 -0.62683691 -0.27688541 -0.31765304 -1.0747291  -0.36928846
 -0.28834489 -0.32831631 -0.20504906 -0.35796548 -1.06305597  1.22646736
 -0.47133826  0.17095696 -0.85253297 -0.50339099 -0.83759446 -0.1670054
  0.83187485  0.03396756 -0.80909703 -1.6184749  -0.86329937  1.12125788], Measures: [0.41861647 0.16810615]
Elite 3: Fitness: -90.0, Solution: [ 0.99649922 -0.63399028 -0.20375094  0.56343707  0.03875164 -0.21172725
  1.17615078 -1.78289668  0.41542119 -0.76701614 -1.16945543 -0.69637046
 -1.01052736  1.4211873   1.62879963  0.79753929  0.33257741  0.40657463
  0.77984674 -0.092922   -0.86926386 -0.23089641 -0.76913982  0.21529882
 -1.31268763 -0.26975972  1.58306253 -0.18065123 -0.32736146 -0.8494176
  1.67063619  0.59630147 -0.01603382  1.31592907  0.11844858 -0.64526206
 -0.69544226 -0.74717352 -1.1475205   0.12128159  0.14973309 -0.85336464
 -0.49811049 -0.9016907  -1.12282898 -0.76104004 -0.85305069  1.00370763
 -0.4131927  -0.09697391 -1.00911077  0.21562835 -1.4943604   0.60494278
  0.66138637 -0.12770318 -1.16824999 -1.07046506 -1.48094331  2.        ], Measures: [0.40689299 0.29074793]
