Elite 1: Fitness: 500.0, Solution: [ 0.62037702  1.30575915  0.13687165  0.59595181 -0.42323511  0.64873211
  0.46273133  0.08280517  0.92412956 -0.55499023  0.77444562  0.19893018
  1.14565256 -0.80395734  0.60956029 -1.37523951 -0.61249832  0.28014544
  0.02629391  0.04127057  0.63623296 -0.08234565  0.54546409 -0.73332449
  0.34658749 -0.66473635 -0.65077386  0.54685337 -0.08895131 -0.97851062
 -0.50532911  1.17023816  0.85478175 -0.04082095  0.05068528 -0.38919512
 -0.43061144 -0.5003561  -1.44968965 -0.0714961   0.21244443  0.41427143
  0.16297255 -0.17132138], Measures: [0.12482518 0.08588935]
Elite 2: Fitness: 500.0, Solution: [ 0.44133532  0.98180095  0.29896511  0.43308724 -0.17426996  0.46974295
  0.30051499  0.26571182  0.92497186 -0.42488072  0.66491411 -0.31474141
  0.9656536  -0.30804094  0.51434892 -1.4724693  -0.42850384  0.39829175
 -0.92971925 -0.13633398  0.72940567 -0.21759753  0.72178817 -0.54761371
  0.27861114 -0.38739685 -0.51163045  0.4681919  -0.00720454 -1.37608398
 -0.68149235  1.12422991  1.0086579  -0.73088838 -0.39130097 -0.42090917
 -0.73578259 -0.26489223 -1.60412644 -0.1015893   0.08855537  0.52990309
  0.18152679  0.46491725], Measures: [0.10513974 0.16969673]
Elite 3: Fitness: 500.0, Solution: [ 4.12436013e-01  1.54675979e+00 -7.28613756e-04  3.08712063e-02
 -1.67516727e-01  7.93962369e-01  3.38767259e-01 -9.44705638e-02
  9.55268194e-01 -4.80553825e-01  6.57927642e-01 -6.14009139e-02
  1.12858843e+00 -9.55532533e-02  4.27429021e-01 -1.00704724e+00
 -1.11787579e-01  3.90637293e-01 -2.34912048e-01 -2.81435043e-01
  5.77277424e-01 -4.88737017e-01  6.09343348e-01 -6.42738726e-01
  1.37656050e-01 -3.48649081e-01 -4.77091551e-01  5.29168318e-01
  4.19758429e-03 -7.23036643e-01 -5.20012492e-01  1.07970662e+00
  7.90163559e-01 -7.45498875e-02  3.12320038e-01  9.87318026e-03
 -1.03798103e-01 -3.90332215e-01 -8.87761131e-01 -2.60067023e-02
 -1.61595859e-01  6.21990777e-01  4.55984261e-02  3.54996844e-01], Measures: [0.27222513 0.06845065]
