Elite 1: Fitness: 293.1535335598786, Solution: [ 0.20804835  1.08734359 -0.7597686   0.89681299  0.86754635  0.31199218
  1.53410692 -1.20447471 -1.9598987  -1.73299053  0.31161067 -1.83145967
 -0.27575064  0.4573472   0.12221623  0.86266759  0.33013946 -0.28474592
 -0.10945787 -0.4707498   0.74924572  0.2971039  -0.70393458  0.15355453
 -0.10678987 -0.88414865  1.20637058 -0.13494039  0.3863798   0.59038728
 -1.71413688 -0.03237886  0.23839233  0.50654505  0.37150666 -1.25559208
 -0.30984281 -0.74554418  0.20087964 -0.27428296 -0.41826173 -0.64186634
  0.41081644  1.20678208 -0.04228876  0.242871   -0.28704931  0.20540379
 -0.39651926  1.62332643 -0.25714513 -0.17329235 -0.6577659  -0.57677482
 -0.9805217   0.23523071  0.81690782 -0.34805929  0.52201544  1.81351513
 -1.07544792 -1.35776796  1.94863498  0.37829908 -0.93395918  0.25448303
 -0.21388556 -0.33878164  1.58788914 -1.82155457  0.96225023 -0.87246795
  2.          0.0286255   0.74143904 -0.13674479  1.97512787 -0.16209198
 -0.23355221  0.64383156 -0.14280472 -0.72348293  0.24230926  1.44415586
 -1.83207508 -1.64292091 -1.67449447 -1.32581959], Measures: [0.33962167 0.43342898]
Elite 2: Fitness: 258.6266719807486, Solution: [ 0.74663661  0.81675079 -0.41309981  0.43751508  0.65766937  0.2490242
  0.83430334 -0.74889218 -0.98308778 -0.83306682  0.41724678  0.06477985
 -0.86226763  0.74944587  0.77018859 -0.05074181  0.3253265   0.10409947
 -0.39180962 -0.10115616  0.82519658  0.45812906 -0.80058518  0.68008044
 -0.41141054 -0.65835883  0.78783336  0.48180287  0.21230254 -0.24177456
 -0.61435062  0.55567831  0.5383179   1.03877962 -0.09863986 -0.42374377
 -0.16408986 -0.81995247  0.01003561  0.24806737 -0.23010754 -1.07430418
  0.30068712  1.2493632   0.54843307  0.04768929  0.10942796  0.60351724
 -0.49450105 -0.28611476 -0.35690635  0.0319743  -0.43533674 -0.49601852
 -0.13266482 -0.03074143 -0.38332352  0.66111642  0.32478376  1.09966138
 -0.32661435 -0.52901145  0.78175501  0.04665781  0.31054507  0.3033158
 -0.52111834  0.28239994  1.02676198 -0.523311    0.16449404 -0.09405324
  0.99474166  0.87295212  0.48042396 -0.66717554  0.99409438  0.22713144
  0.14833508 -0.07636242 -0.71184681 -0.33991257 -0.51555772  0.93640764
 -0.81211374 -0.73259407 -0.97820894 -0.40402036], Measures: [0.43400695 0.09070833]
Elite 3: Fitness: 67.83687146295446, Solution: [ 0.59096183  1.49912195 -0.62391082  0.21208593  1.00378314  0.01176967
  0.54424166 -0.43044293 -1.20704999 -0.54553275  0.36479     0.2065952
 -1.31910955  0.57703175  0.38243979 -0.22264865  0.82854852 -0.43542432
  0.42896204  0.03681866  0.77495889  0.31907758 -0.80793332  0.95142127
 -0.45060515 -0.71987338  1.06567933  0.31996019 -0.09783928  0.78038415
 -0.82888404  0.19285994  0.52707049  0.61138682 -0.60592225 -0.48126551
 -0.1917962  -0.91387688  0.64371428 -0.09180151  0.03053631 -0.79921344
  0.0924935   0.65580703  0.02714117  0.60750732 -0.60514507  0.69189954
 -0.37803241  0.49239753 -0.55072846  0.29529017 -0.22321848 -0.36507904
  0.30838724  0.64966122  0.27212928  0.36597968  0.63274409  1.02684824
 -0.81040739 -0.79734138  0.80046764  0.43635361 -0.44325032  0.2553243
 -0.77264429 -0.17280709  0.35344315 -0.51287775 -0.12400945 -0.4086877
  0.77095618  0.73777547  0.49763253 -0.07894535  0.86918947  0.73159365
 -0.62352366 -0.26073799 -0.7293336  -0.61157177 -0.1022632   0.97414407
 -0.82940741 -0.57367194 -0.44908537 -0.53023319], Measures: [0.3084564  0.08652529]
