Elite 1: Fitness: 259.6360078321196, Solution: [ 1.34492399  0.4087192   1.12072701 -1.19723531  1.33624582  0.83957355
  1.4406652   1.28367566  0.17930718  0.60898731 -0.01682948  0.81736522
 -1.57372255 -0.18105977  0.56364997  0.04153373 -0.37639738  1.0928444
  1.65304228  1.11956593 -0.97864592  0.12631751 -0.96274677  1.1118638
 -0.73820429 -0.97452241 -0.35138608  0.88807037 -0.83836173 -0.13555082
  0.05335435  0.15511162  1.72689111  1.15381086  1.12370393  0.31045034
  0.98433781  0.97550075 -0.13717428  0.14349183  1.10966571  1.29312324
  0.4696108   0.22299818  0.59755628  1.28000533  1.30960324 -0.97831367
 -0.18657998 -0.95200102 -0.02927289  0.62899199 -1.19664798  0.6505474
 -0.97827097  0.36766926 -1.70911017 -1.30040564  0.99096995  1.09051499
  0.60180129 -0.2996997   1.25759656  0.40366163  0.17169518  0.70841838
  1.17881988  1.02219313 -0.48380792  0.38912374  0.90543     0.17622302
  0.9379029   0.1999209   1.04708169  0.59257313  0.17725618 -0.4107853
  0.12604442 -0.16056706 -0.47056507 -1.45349516 -0.57445709  1.2911596
 -1.09335308 -1.17348712  0.50316194 -0.67026527], Measures: [0.25206709 0.3227333 ]
Elite 2: Fitness: 245.67143562715657, Solution: [-1.07284218  0.790735   -0.82355078 -1.08242966 -0.64811666 -0.3015015
 -0.21241339  0.93313755  0.54223523  0.96471472  0.52720876  0.3755572
  0.62047785 -0.87531409 -0.80667588  0.68927427 -0.33919926 -0.78792185
  0.44593236  0.92802693  0.05937725  0.60835608 -0.71207347  0.17097105
  0.5435352  -0.58459927  0.57668986 -0.15882618 -0.65621393 -0.58455816
 -0.82160075  0.83241183  1.02853418 -0.13250514 -0.08850467  0.41856942
  0.15926607  0.34713706 -0.31673751 -0.16379852  0.25763318  0.99788246
  0.15757907 -0.13252368 -0.21578203  0.77763299  0.18758575 -0.02166533
 -0.89719488 -0.82444128 -0.45783459  0.17387116 -0.31386998 -0.26137935
 -0.38758279  0.64814946 -0.51116096  0.75104773  0.28727151 -0.62950716
 -0.43111296 -0.87826794 -0.28429753  0.38043941 -0.15079226  1.32905852
 -0.23743008  0.58628063  0.70744905 -0.65265123  0.58887652  0.51740877
  0.89358627  0.58756309 -0.10067162  0.92264382 -0.61191257 -0.4268836
 -0.01786713 -0.29397129 -0.27209416 -0.0183207   0.45258312  1.30054732
 -0.08789049 -1.06050611  0.04247588 -0.85577045], Measures: [0.27120695 0.07917995]
Elite 3: Fitness: 85.16054170763337, Solution: [ 4.28037130e-01 -7.52407027e-02  5.48396493e-01 -1.13813630e+00
  8.09447672e-01  5.14492077e-01  1.27972315e+00  9.11824262e-01
  3.90984750e-01  6.08643288e-01 -3.54655323e-01  2.09081505e-01
 -1.67729094e+00  1.24662606e-01 -5.40476528e-01 -4.78152444e-01
 -9.06303064e-01  1.18507464e+00  1.21624445e+00  1.70345886e+00
 -1.00011859e+00 -4.52946650e-01 -1.05930414e+00  3.61603070e-01
 -8.70233434e-01 -3.25635877e-02 -1.37980303e+00  5.26720503e-01
  9.91020441e-02  7.34979135e-02 -9.54660624e-01  4.24693816e-01
  1.48095831e-01  8.79880582e-01  8.54816510e-01  3.25082767e-01
  1.31207763e+00  4.75358415e-01 -8.55585423e-01  7.87932185e-01
  1.31926893e+00  4.14734487e-01  5.91304103e-01  3.23527187e-02
  4.33069585e-01  4.07867406e-01  9.11918514e-01  5.65973749e-01
  2.89065866e-01 -6.06788400e-01 -2.98924778e-01  7.85848862e-01
 -8.41485786e-01  1.04864323e+00 -8.02658877e-01  5.50616564e-01
 -1.48341892e+00 -1.14555310e+00  1.38603410e+00  1.16437218e+00
  8.84342410e-01 -4.06674854e-01  9.80221293e-01  1.09930793e+00
 -1.40392965e-01 -3.52441374e-01  2.78389358e-01  8.05774735e-01
 -1.22111029e+00  9.65533008e-01  5.45248166e-01 -1.30216652e-01
  5.28561448e-01  2.75012897e-01  6.57335641e-01  6.00826924e-01
  1.06888727e+00 -2.49303855e-01  4.28752047e-01  3.41785666e-01
 -1.00681178e-01 -1.02150829e+00 -8.11145239e-01  1.28591142e+00
 -6.87495759e-04 -1.38872436e+00 -1.50744736e-01 -8.54485470e-01], Measures: [0.17238316 0.14555692]
