Elite 1: Fitness: 297.6936511006071, Solution: [ 0.19337369 -0.25740859 -0.24766713  1.02807709  0.25017987 -0.25642379
  0.68617691 -0.66530621 -0.39534203 -0.4261754   0.21344909  0.03755163
 -0.20155263 -0.32598328  0.1783307  -1.05148245  0.09004883 -0.09215224
  0.72423106  0.3028836   0.89220109 -0.25245456  0.83938328 -0.11928488
 -0.48030341  1.02999059 -0.61066498 -1.01010527  0.47317474 -0.447848
 -0.79782613  0.08445454  0.37028185  0.27312171 -0.91165127  0.09037331
 -1.0148629   0.07638002 -0.43384217 -0.2328818  -0.24788308  0.66578503
 -0.13034575  0.65023062 -0.85205725 -1.3011325   0.60352733  0.28756273
  1.2833547  -0.0354064   0.20091949  0.04905079  0.73840686 -0.49770619
 -0.22843972  0.84563977 -0.17313522 -0.30082407 -0.29415908  0.49141257
 -0.1461078   0.23645828  0.2825125   0.76252294  0.26801732  0.40337346
  0.39443353  0.6287575   0.41648985  0.87145106  0.75471089 -0.17392311
 -0.4619278  -0.00220917  1.14385231  0.9657967  -0.89672418  0.22236118
  0.35959667 -0.28761691  0.76696204  0.45681581 -0.00951513 -0.15299148
  0.61261917 -0.32428526  0.66903761  0.44744307], Measures: [0.41492039 0.084647  ]
Elite 2: Fitness: 296.70376328030204, Solution: [ 9.35577260e-02 -4.30904517e-01 -1.60080576e-01  1.34199813e+00
  3.61550724e-01 -3.02861453e-01  7.44630149e-01 -1.33044282e+00
  1.62149959e-02 -6.77453498e-01  4.13096232e-01 -3.40031298e-01
 -3.19665136e-01 -1.75124417e-01  2.76663929e-01 -1.03248298e+00
  1.98993106e-01 -4.32425965e-01  7.21827849e-01  2.81493720e-01
  1.26328024e+00 -7.78657793e-01  1.27611278e+00 -2.57939896e-01
 -1.50131479e-01  1.18323818e+00 -4.78563434e-01 -9.90640270e-01
  2.87731983e-01 -9.63150132e-01 -9.13172693e-01 -2.91779296e-01
  3.05684716e-01  7.49554711e-02 -5.44686399e-01  2.93556625e-01
 -1.03829999e+00  1.82868383e-01 -4.52710237e-01 -8.54422874e-02
 -3.83526909e-01  6.64134161e-01 -2.10079901e-01  3.78135209e-01
 -1.23134711e+00 -1.54007420e+00  7.46890441e-01 -5.89880966e-03
  9.63926489e-01 -6.08908733e-01  3.15638901e-01  1.24407292e-01
  6.41372488e-01 -8.43942560e-01 -2.63552061e-01  3.16127126e-01
 -9.80366796e-02 -1.73958336e-01  2.79609418e-01  1.05740045e-01
 -1.28089678e-01  6.21235378e-01  4.43908271e-01  5.49554116e-01
  2.21937462e-01  3.50775148e-01  7.71081078e-01  5.43294454e-01
  1.68496439e-01  6.96201823e-01  1.04170023e+00 -1.93369135e-01
 -5.78704645e-01  1.31412313e-02  8.80873336e-01  1.20689182e+00
 -1.09925129e+00  5.06554006e-01  7.04698598e-02 -3.39934535e-01
  8.06238642e-01  2.01311753e-01  6.66384943e-02 -1.47289355e-01
  3.32585249e-04 -3.10943753e-01  1.13519691e+00  2.18207043e-01], Measures: [0.46828163 0.10226529]
Elite 3: Fitness: 296.04945784729694, Solution: [ 0.03913504 -0.6842226  -0.43296064  0.85523818  0.44812109 -0.68825748
  1.02334135 -1.24064957  0.2125684  -0.61647078  0.36765325 -0.1235944
 -0.34953535 -0.58685726  0.07585196 -1.01952775  0.1433943  -0.11286028
  0.78759904  0.24717975  1.08447406 -0.69376333  1.07193374 -0.1495749
 -0.3520374   1.28506902 -0.63444065 -1.33676125  0.33291571 -0.63784504
 -1.21015379 -0.49007888  0.90874123  0.01579138 -0.83087499  0.80422518
 -1.36676639  0.05209958 -0.45847497 -0.09901386 -0.43411923  0.62415192
 -0.34146361  0.48427766 -0.92920694 -1.27778015  0.81803999 -0.20191503
  0.93280606 -0.66458308  0.41355791  0.59333171  0.55803696 -1.27151122
 -0.41074153  0.63356609  0.07692714 -0.19527481 -0.02369266  0.64730176
  0.26628148  0.74426119  0.38113883  1.02667855  0.36359714  0.39165152
  0.87301314  0.69049828  0.20412091  0.85752096  0.88568088 -0.10871216
 -0.96157698  0.28943197  0.9954138   1.60094966 -0.99986983  0.18299844
  0.62063885 -0.14395552  0.95970492  0.41486866  0.19092918 -0.05850126
  0.31209864 -0.31301351  1.52364502  0.48905225], Measures: [0.45827309 0.1971507 ]
