Elite 1: Fitness: 298.4077658891234, Solution: [-0.01279399 -0.55318436 -0.16559188 -0.69047472 -0.19136673 -0.18886654
 -0.42503232  0.32645944  1.33763682  0.62132241  1.04856643  0.30945206
  0.06432455  0.5761956   1.48354285 -1.12730297  0.6586641  -0.39529484
 -0.49022442 -0.1942512  -1.08056301 -0.74130079 -1.47130025  0.51421786
  0.07532877  0.32631658  0.07280502  1.62031138 -0.48026209 -0.39958914
 -0.08277314  0.75673596 -0.10983752  1.05951654 -1.32673871 -0.85531289
 -0.26922724 -0.11922608 -1.0732335   1.94242421  1.52817864 -1.63076807
 -0.13699451 -1.73757992 -0.67592083  0.43003201  0.55220834  0.96152437
 -0.18574389  0.59929357  0.27928243  0.08700402  0.64656593 -0.09135349
  0.07266765 -0.03238227  0.57915258  0.02285846 -0.14290253 -0.1141521
 -0.96010269 -0.81945428 -0.16179634  0.45134838 -1.69471173 -0.36101115
  0.67472229  0.14586819 -0.78143857 -0.23811948 -1.66864195 -0.70175792
 -0.66323551  0.27137191 -1.09655291  0.88178018  0.1156662  -0.67012934
  1.28836072  0.0421025  -0.2574733   0.92095197 -0.71219729 -0.40798125
  0.64303267 -0.85176861 -1.19541898 -1.29792014], Measures: [0.55676337 0.33595179]
Elite 2: Fitness: 293.84906867144116, Solution: [-0.03075852 -0.16786056 -0.63814513 -0.3554382  -0.17124175 -0.4536717
 -0.36611217  0.29616528  1.08479372  0.16013269  0.96314824 -0.03095327
  0.06801831  0.76235715  1.58550978 -0.85773651  0.87929699 -0.51670295
 -0.71612191  0.05045419 -0.61920576 -1.05422199 -1.12101768  0.35569943
 -0.10899508  0.34391532  0.19652937  1.72228861 -0.54801805 -0.57311482
  0.0293618   0.62517997 -0.1237871   0.61810668 -1.02197783 -0.69803662
 -0.57187479 -0.17240954 -0.83912771  1.69780384  1.17927672 -1.48398498
 -0.29229555 -1.28664253 -0.55996761  0.18530223  0.37617446  0.94444613
 -0.17363916  0.23133972  0.26833141  0.1509497   0.5882063  -0.11640903
  0.13250576  0.4855968   0.51110659  0.30665493 -0.14779512 -0.06036033
 -0.94429265 -0.62990492 -0.19579377  0.46512349 -1.24145464 -0.30508489
  0.8264744   0.39993813 -0.87725516 -0.38619898 -1.65044087 -0.6967403
 -0.64851033  0.08924905 -0.6093834   0.73331605  0.06239698 -0.61742127
  1.24587148  0.13223906 -0.01800944  0.69320057 -0.68100903 -0.35159876
  0.38359536 -0.93566738 -1.08238711 -1.13257848], Measures: [0.52279981 0.24327355]
Elite 3: Fitness: 280.2706758184752, Solution: [-0.02512998 -0.35790409 -0.30785809 -0.80245217 -0.05516631 -0.4174722
 -0.42653598  0.04421686  0.9351437  -0.13134719  0.93962986 -0.04413708
  0.13769961  1.23752576  1.74958832 -0.87271326  0.61167644 -0.6795299
 -0.53650709  0.19659392 -0.5721038  -0.87069591 -1.12005119  0.24774969
 -0.23560363  0.40919254  0.58841371  1.72893575 -0.78879857 -0.70958013
  0.16626812  0.80768301 -0.09629791  0.56766342 -0.92177871 -1.03411144
 -0.52606619 -0.49921274 -0.56890079  1.58857699  1.29833297 -1.5880573
 -0.16348229 -1.23831697 -0.79838461  0.03954797  0.47747761  0.86558647
 -0.32339514  0.14668703  0.05784917  0.18418985  0.37129781 -0.09853939
  0.05817382  0.32874866  0.86147605  0.15745607  0.10011275 -0.13324684
 -0.92983846 -0.3932446  -0.21718228  0.88739716 -1.19945128 -0.39916566
  0.42491167  0.34471815 -0.76571699 -0.09456089 -1.7191438  -0.59942371
 -0.77330305  0.1572466  -0.64511798  0.80885565  0.02085281 -0.96510086
  1.48476435  0.26634539  0.0159623   0.69931328 -0.46486404 -0.48236096
  0.61997143 -0.93831648 -1.01375293 -1.069349  ], Measures: [0.39266127 0.26596118]
