Elite 1: Fitness: -92.0, Solution: [ 1.34324852  0.37411041  1.16993103 -0.17980766  0.05826383 -1.68883874
 -0.97350536  0.81840448  0.40186698  1.25020882 -0.89593289 -0.36424843
  1.08800857  0.41519688 -0.43041082  0.97773629  1.21792075  0.35231567
  0.42248489 -1.08898395  0.05467461  1.05065343 -0.19837636  0.9084886
 -0.77382657 -0.09390854  1.18662723 -0.81005258 -0.32097324 -0.97838939
 -0.3107177   1.13574487 -0.32542958 -0.28480574 -1.26124715  0.19939447
  1.48748676  0.71906633 -0.24133639 -0.98878834  0.25347192  0.37308536
 -0.71459759 -1.66258472  1.54035948  0.36466621  0.38948079  1.38616805
 -0.86846462 -0.95111641 -1.15468809 -0.80668348 -0.70932952 -0.48164607
 -0.76219897 -1.29899331 -0.096171   -0.9345721   0.63414018 -1.43793337], Measures: [0.38715038 0.080037  ]
Elite 2: Fitness: -92.0, Solution: [ 1.49517043e+00  3.56281542e-01  9.17288289e-01 -1.11336447e-01
 -5.35182019e-01 -1.46227584e+00 -1.38839476e+00  9.78685505e-01
  3.91326322e-01  8.60092204e-01 -2.64588923e-01 -3.45006354e-01
  1.52780875e+00 -1.41932538e-03 -4.92946898e-01  1.15291327e+00
  1.19760986e+00 -1.60098758e-01  5.62909080e-02 -8.15705618e-01
  1.07458320e-01  7.43689863e-01 -3.85196254e-01  5.65792329e-01
 -6.27622573e-01  3.92151460e-01  1.80767981e+00 -7.76475240e-01
 -4.68083981e-01 -9.42812492e-01 -1.27752728e-02  6.74150851e-01
 -3.66813864e-01 -1.00425651e+00 -6.58472892e-01  3.30595944e-01
  1.33408337e+00  2.19029989e-01 -1.65655029e-01 -5.12274828e-01
  1.20850462e-02  9.40007184e-01 -1.38934581e-01 -7.47429431e-01
  1.05904584e+00  1.97832291e-01 -2.15801844e-01  1.96229816e+00
 -6.65414999e-01 -4.11909696e-01 -1.06321776e+00 -1.04857687e+00
 -1.07437906e+00 -4.40340838e-01 -2.88567199e-01 -8.55944286e-01
 -3.55443813e-01 -4.48310402e-01  8.93295009e-01 -1.32953367e+00], Measures: [0.4437123  0.18253334]
Elite 3: Fitness: -92.0, Solution: [ 1.10364253  0.22697627  0.85057405 -0.1967469  -0.18384814 -1.7652
 -1.46704151  0.89469965  0.15691372  1.36505654 -0.6021238  -0.7434531
  1.52786978  0.08514401  0.15790021  0.52261786  0.78658927 -0.01449367
  0.78565224 -1.15956857  0.42285178  1.08059177 -0.17822222  0.69149789
 -1.03372263  0.69347385  1.34790025  0.05732892  0.26121292 -1.23433154
 -0.12481429  1.15594271 -0.10388625 -1.20738161 -1.06378568  0.55334531
  1.07874502  0.91887435 -0.40113921 -0.54819868  0.14428116  0.76857839
 -0.33063124 -1.41894648  1.46637533  0.02486428 -0.66673224  1.10024891
 -0.71289035 -0.77137661 -1.50267681 -0.7485243  -0.94908958 -0.18249818
 -0.22762776 -0.91999473 -0.42100768 -0.7066669   0.64800857 -1.269167  ], Measures: [0.46938078 0.22834576]
