Elite 1: Fitness: -113.0, Solution: [-1.30825659  0.70740903  0.76056069  1.0846204   0.69257915  0.01569663
  1.269327   -1.1027762  -1.56477992 -1.52270302  1.36498813  0.25369623
  1.58557437 -0.36064789 -0.38383309  0.95654957  0.56432127  1.00729009
 -0.50983045 -1.55863176  0.71661364 -1.79260415 -1.38749598  0.95682579
 -0.53113154  0.52456785 -1.48368075  0.12579489 -1.17276494 -0.16527952
  1.34707253  0.76500079  0.6326459   0.4720562   0.06432268  0.57646077
  0.28709911 -0.20733196 -0.85798316 -1.45855183  0.7264595  -1.34897365
  0.43598037 -0.88858292 -0.84628359  0.91684102 -1.33583433 -0.13752945
 -0.19049684  1.76105909  0.71750087  0.66284752  0.14583771  1.02297034
  0.9492542   0.94000331  1.74207256 -0.34823696  0.97795353 -0.2086307 ], Measures: [0.58638997 0.54024331]
Elite 2: Fitness: -114.0, Solution: [-0.74745971  0.99423625  0.43014746  1.35541946  0.05527723  1.3048752
  1.54771499 -1.21845585 -1.28494438 -1.67596716  0.91948498  0.69375147
  1.5328811  -0.02499646 -1.24998301  1.39213553  1.54599176  1.25286868
 -0.35179847 -1.42153824  0.47439226 -1.4140737  -1.68034721  0.43334462
  0.02471935  0.62627402 -1.40773056 -1.19664095 -1.11491447 -0.66213729
  1.14471204  1.42257428  1.30289718  0.41138315  0.59365819  0.89392287
  1.28344989 -0.21138032 -0.99392767 -0.56191033  0.5998443  -1.15178329
  0.75894167 -1.01997469 -0.46644853  1.0839613  -1.13368922 -0.39562877
 -0.12560775  1.05095225  0.8301258   1.01424286 -0.94844062  1.72424002
  0.89495936  0.92394562  1.35479349 -1.14251746  0.94410578 -0.74382066], Measures: [0.4922706  0.68578407]
Elite 3: Fitness: -114.0, Solution: [-1.09457078  0.7986309   0.66051168  1.33615764  1.07067302  0.60494911
  1.59689678 -1.30627228 -1.57646337 -1.10897185  0.78546379  0.31578226
  0.89612351  0.03742097 -1.077039    1.36065187  0.80695123  0.62398239
 -0.67624978 -0.73943969  0.88504362 -1.56091207 -1.55885065  1.1517914
 -0.80413666  0.17912321 -1.36462117 -0.97838403 -1.12356276 -0.93891412
  1.43618028  1.54798391  1.14476821  0.67945431  0.231105    0.02237976
  0.74511356  0.3632251  -0.69162025 -0.38180447  1.12014558 -1.23216777
  0.33516062 -1.32020629 -0.21691445  1.08096114 -1.0798978  -0.33068138
 -0.63546027  1.49024356  0.82217504  1.25649452 -0.39562005  0.65252946
  1.10647235  1.23396782  1.03872828 -1.10987114  0.9262164  -0.09636644], Measures: [0.58045626 0.6430695 ]
