Elite 1: Fitness: 500.0, Solution: [ 0.54374574 -0.93133851  0.08649442 -0.71602568  0.05887926 -0.31939676
  0.28586927 -0.12711314  0.18552282 -0.32339648  1.61241267  0.32237901
  0.15217479 -0.37625677  0.56645281  0.04617741  0.23097986 -1.17050141
 -0.19943233 -0.47333116  1.15088219  1.21697759 -0.42450122 -0.55314512
 -0.32783821 -0.99537259 -0.72753321 -1.19735595 -1.00565033  0.31719746
 -0.94512843  0.4311442  -0.50172769 -0.40831348 -0.34526496 -0.83694233
 -0.19876273 -0.12175032 -1.19314606  0.44963826 -0.24163703  0.03492286
  1.77916661  0.30633458], Measures: [0.06379207 0.09222407]
Elite 2: Fitness: 500.0, Solution: [ 0.2708878  -0.99327192 -0.01453378 -1.25788038  1.55227696 -0.51549772
  0.78797215  0.1812209  -0.30591519 -0.24335534  0.70403212  0.56125063
  0.48637309 -0.10384592  0.76838422  1.69622785  1.58850178 -0.59762305
 -0.30242192 -1.05725919  1.59310841  0.48223364  1.26393656  0.06537046
 -0.43838395 -1.27392053 -0.29083748 -0.33263293 -1.23650369 -0.54948114
  0.22651055 -0.60161118 -0.071547    0.2208953   0.56838679  0.993642
 -0.10035062 -0.76105706 -0.96695574  0.78576768  1.07147084 -0.42528205
  0.27471398  1.50987121], Measures: [0.04688395 0.17134974]
Elite 3: Fitness: 500.0, Solution: [ 1.35043683  0.42775158  0.94547033 -0.06024384 -0.09133776 -0.94956891
  0.12353779 -0.07788797 -0.07920996 -0.52802147  1.2351562   0.6259485
  0.1408025   0.73810598  0.8627985  -0.28161099 -0.89778329  0.15809878
 -0.16493335 -0.79812681  1.09921607  1.05172468 -0.74998516 -1.31571795
  0.37225683 -0.38850638 -1.06308246 -1.17319951 -0.850812    0.05840521
 -0.63302396  0.11843526 -1.10305589 -0.68719938 -0.89344667 -0.69255042
  1.12408153 -0.08263865 -0.45676171 -0.1810676   0.27179901 -0.5574889
  1.04698297  0.2610857 ], Measures: [0.1126722  0.07260279]
