Elite 1: Fitness: 288.1840697058307, Solution: [ 0.05719644 -0.35707059  0.3912435  -0.69311528 -0.96187456 -0.65020751
 -0.46788846 -0.47881978  0.79253771  0.60946559 -0.46038369  0.49555301
 -0.7997034  -0.62540968 -0.89169152 -0.5756585  -0.27407789 -0.74748019
  1.0959129  -1.02811541 -0.18215459  0.86362349 -0.19796698 -0.51103051
 -1.01380089  0.28407945 -1.11687067  0.38482467 -0.57020649  1.0154108
 -0.55933297  0.23567794  0.4108806  -0.9765848   0.20792658  0.67604028
 -0.63572623  0.01321716 -1.06835016  1.00006284  0.56962639  0.24132445
  0.34368548  0.79701776 -0.29361264 -0.97069409  0.59209291  0.85596275
 -0.53202205  0.9854183   0.80020429  0.79943792 -0.45639952 -0.51171616
 -1.13324606 -0.42411631 -0.82629707 -0.94240588 -0.33958863  0.81490395
  0.90648132 -0.14578932 -0.99131171 -0.7090928  -0.39413068 -0.26104637
 -0.21235178  0.22410698 -0.24272007 -0.94183652  0.54145388  0.75318997
 -0.41352938  0.54814094 -0.43970785  0.3275506  -0.09255994  0.44212538
 -1.19358799 -0.67199801 -0.77539417 -0.4867577  -0.231669    1.0215898
  0.39083903  0.82151929 -1.04063142  0.75912405], Measures: [0.44787692 0.08577751]
Elite 2: Fitness: 287.34693745129834, Solution: [ 0.10489032 -0.34352247  0.06790358 -0.41654708 -0.79911704 -0.17159528
 -0.41677163 -0.92737723  1.36234277  1.07637145 -0.81863557  0.21268817
 -0.48646192 -0.33981829 -0.5586174   0.10443475  0.12582275 -0.15861851
  0.68773345 -1.30132061 -0.61136914  1.54878219 -0.13594178 -0.57225237
 -1.13286599  0.60453066 -0.61694714  0.14393185 -0.1131256   1.13660623
 -0.60947706  0.04528202  0.24897484 -0.68521353 -0.46092632  0.95968551
 -0.77900892 -0.06636061 -1.11308284  0.87228223  0.65917633 -0.08603914
 -0.01858145  0.45263401 -0.3834375  -0.76791653  0.52548396  0.44237792
 -0.41027766  0.26583645  0.64145191  0.8412483  -1.30036175 -0.32968418
 -1.11850889  0.15314829 -0.7078094  -0.45144542 -0.21192587  0.90277801
  0.61154823  0.16625542 -1.05998946 -1.01083645  0.06627895  1.15225639
 -0.42337509  0.67463039 -0.25250826 -0.66745469  0.84172451  1.22597096
 -0.25283699 -0.06273572 -0.23750535  0.08555863 -0.05458934 -0.25633867
 -0.59628863 -1.32576718 -1.09848888 -0.5895607   0.41537478  1.29201282
 -0.26594982  0.94234994 -0.73352557  0.53285383], Measures: [0.32507427 0.16070747]
Elite 3: Fitness: 286.77842804596764, Solution: [ 0.32919402  0.26605963  0.23420285 -0.73590288 -0.35025445 -0.28508495
  0.0656341  -1.00725762  1.59732008  0.71413576 -1.20067673  0.45317328
 -0.31873661 -0.0985143  -0.44405511 -0.09580571  0.16478789 -0.03070276
  1.12390983 -1.07093831 -0.42959704  1.47902624 -0.33321528 -0.79302743
 -0.75087806  0.48550872 -0.94364568 -0.04269196 -0.21020462  0.60589743
  0.03222861  0.01961156  0.42509577 -0.68435746 -0.24373904  0.64062688
 -1.12898354 -0.27822863 -1.13757974  1.15462325  0.46099987 -0.32673461
  0.06436561  0.59220599 -0.41971762 -0.47458174  0.42022106  0.67726836
 -0.40651603  0.45438936  0.22031436  1.50527739 -1.06509743 -0.89156756
 -1.04765716  0.08140585 -0.60132442 -0.56418691 -0.18048711  1.02382544
  0.5629013  -0.30841708 -1.0095128  -1.57474054 -0.276915    0.87743177
 -0.82986749  0.81383832 -0.79548269 -0.80761018  0.9124532   1.64590569
 -0.05008666 -0.15776598 -0.15975823  0.20103451 -0.37822768  0.49468602
 -0.62761294 -1.02769942 -1.34002016 -0.31054095  0.20970558  1.1007658
 -0.37404111  1.37736605 -1.01644446  0.39574318], Measures: [0.51067324 0.16455006]
