Elite 1: Fitness: 500.0, Solution: [ 0.07261941 -0.14286119  0.87292798  0.95306657 -0.5657469  -0.15599083
 -0.3961466   0.88631095  0.41022182  0.75390678 -0.33770766 -0.6756065
  1.10303444  0.53388618 -0.16791519  0.25476874 -0.72383657  0.20954779
  0.11638614  0.31567515  0.46685478 -0.38303345 -0.78028355 -0.25094467
 -0.44936597 -0.05740634 -0.55968283  0.18462614 -0.12702926  0.84897506
 -0.65524976  0.00660605 -0.1000325  -0.89548291 -1.1847858  -0.71569678
  0.26328608 -0.60825234  0.77315225 -0.72623601  0.88215594 -0.27620387
 -0.92086725 -0.5895431 ], Measures: [0.08226224 0.08973786]
Elite 2: Fitness: 500.0, Solution: [ 0.19684268 -0.00880667  0.40162334  1.37843051 -1.1160272  -0.33570978
 -0.46257407  0.37470483  0.31773462  0.80549352 -0.50753883 -0.66031944
  0.87958014  0.45699096 -0.41160191 -0.03212371 -0.35498658  0.07979777
 -0.10399919  0.54391499  0.6680429   0.04956227 -0.50519182 -0.34133785
 -0.47719287 -0.13777035 -0.39714529  0.0640356  -0.1777869   0.55726905
 -0.69238554 -0.32971635 -0.25065755 -0.83866673 -0.74163741 -1.44085421
  0.57163243 -0.84678086  0.84872308 -0.72372539  1.55921142 -0.15059601
 -0.8606584  -0.04297325], Measures: [0.06636497 0.15442445]
Elite 3: Fitness: 500.0, Solution: [ 0.18733965 -0.53139549  0.66209048  0.93392102 -0.71327556 -0.41013735
 -0.23219683  0.05309442  0.22114107  0.44732563 -0.62555576 -0.49800829
  0.98333139  0.20465304 -0.63436529  0.28545277 -0.9206582   0.04917796
  0.20272216  0.44647814  0.51610658 -0.39136043 -0.85994476 -0.08690725
 -0.59252905  0.2336386  -0.50992656  0.20756198 -0.13473267  0.88231783
 -0.74763039 -0.02535883 -0.29006323 -0.93109996 -0.79429645 -0.56925109
  0.38293785 -0.74342317  0.92884897 -0.77675497  1.03618133 -0.00470046
 -0.87198375 -0.48993828], Measures: [0.11882018 0.08443129]
