Elite 1: Fitness: 277.5495956297907, Solution: [-8.04278910e-01  5.87314813e-01 -6.64550353e-01  1.44134705e-01
  1.12863422e+00 -7.94990462e-01 -1.65155775e-01 -8.59150114e-02
  6.61065512e-01  5.04556382e-01  4.35828546e-01 -4.35931746e-01
  1.00209536e+00  7.10319225e-01 -3.32180287e-01  2.67170782e-03
 -9.30211231e-01  1.13716909e+00  3.92919900e-01 -5.94494804e-01
  1.03654977e-01 -7.51624378e-01 -1.04227604e+00  8.48679823e-01
  5.67823096e-01 -1.68000999e-02 -4.63160759e-01  6.72289847e-01
  1.18044889e+00  1.43929368e-01  4.13036907e-01  5.56131433e-01
 -3.34799160e-01  5.02663137e-01 -5.82293727e-01 -5.55602746e-01
 -1.09834286e+00  8.62244434e-02 -4.98119036e-01  1.79818051e-01
  1.31985263e+00 -5.29150885e-01  4.81719730e-01  9.68946355e-01
  3.91700941e-01  3.73822292e-01 -5.64685142e-01 -2.10203217e-01
  4.31612993e-01 -2.23748441e-01  2.57832076e-01  8.51590750e-01
  4.89537782e-02 -4.75187504e-01 -8.41690667e-01  4.29767467e-01
 -7.06870884e-01 -2.47911920e-01  2.88224746e-01 -5.77804988e-01
  3.22646793e-01 -6.69887341e-01  1.00476534e+00 -4.80711807e-01
 -1.85009411e-01 -2.19927253e-01  1.11766670e+00 -6.19355099e-01
  1.14988855e-02 -5.08826499e-01  7.58935475e-01  8.26635862e-01
  7.45332878e-01 -6.91743948e-02  4.84947466e-01  6.50334717e-02
  3.78506495e-01  6.65026093e-01 -2.65175301e-02 -3.12415851e-02
  1.19995139e+00  6.27162556e-01 -4.67598575e-01 -5.06047221e-01
  5.45023210e-01 -5.95744821e-04 -1.67591460e-01  9.32509946e-01], Measures: [0.57617413 0.10294922]
Elite 2: Fitness: 273.5320293107867, Solution: [-0.78527385  0.51492673 -0.53341385  0.13504737  1.03400585 -0.94777831
 -0.25927612 -0.07871601  0.69366042  0.47083687  0.38846908 -0.45015562
  1.15659872  0.67779625 -0.32847786  0.13786597 -0.7640078   1.12255222
  0.52627652 -0.69655511  0.20782056 -0.83017629 -1.01901903  0.89142801
  0.64183749 -0.09400495 -0.39000398  0.70090088  1.32444372  0.34048923
  0.35945217  0.63493891 -0.3093445   0.41313898 -0.54155783 -0.62580294
 -0.95359542  0.08890538 -0.39438728  0.13498277  1.29549011 -0.42786252
  0.46590524  0.9046852   0.54540806  0.46097933 -0.75235705 -0.24175053
  0.45657381 -0.39392664  0.24894204  0.88762914 -0.01504472 -0.67202668
 -0.9761252   0.49962732 -0.80369807 -0.16850026  0.34796963 -0.63192004
  0.20746781 -0.66254527  0.9542505  -0.51604684 -0.12302433 -0.16178572
  1.0691546  -0.64310181 -0.20262971 -0.74389947  0.79244894  0.83391582
  0.68739491 -0.1225523   0.52192568 -0.20151324  0.24159713  0.63856111
 -0.00639507  0.05207984  1.1165048   0.71920371 -0.52642127 -0.32323634
  0.48517666 -0.09025091 -0.14742081  0.90649123], Measures: [0.55972576 0.08917353]
Elite 3: Fitness: 264.35572605371635, Solution: [ 1.26968403 -0.02255995  0.86375753 -0.07185333 -1.36877214  0.13614191
  1.49663205 -1.41321099 -0.85513722  0.39738543 -0.85345623 -0.53953994
  1.33008115 -0.59133694  1.42468252 -1.7513667  -0.66302633 -1.55830706
  0.90986419 -1.07606621  0.78275057  0.27833001 -1.25588896 -0.5314668
 -0.46873489 -0.82281457  1.38253607 -0.41314551  1.09482734  1.45262099
 -0.79657881 -1.15950269 -0.92203488  0.63273217 -0.91763033  1.36756365
  1.07810149  1.19719053 -1.48321289 -1.03895303 -1.70801842 -1.28831863
 -1.31186613  0.55602297  0.55868496 -0.37774876  0.76550062 -1.33588385
  0.90354158  1.00039144  0.65589103  0.57220526 -1.19122932  0.17914029
  0.80586222 -1.11477254  0.39579895 -0.85354647  0.88057201 -0.98001347
  0.23670405  1.27705856  1.1401629  -1.55517044 -1.31706008 -1.13716436
 -1.63761443  1.25202571 -1.2473483   0.70156276  0.67932222 -1.03463989
  1.39780451 -1.25807944  0.56124406 -0.99936754  0.3981687  -1.22295296
 -0.43944409 -0.1589467  -0.93120257  1.70037127 -1.39952501 -1.68579955
 -1.43869098  0.42397228 -1.11271785 -1.64479267], Measures: [0.50074506 0.83655199]
