Elite 1: Fitness: 256.90994761112233, Solution: [-1.76786779e+00 -2.59606235e-02  1.32444437e+00 -5.02926522e-01
 -2.00000000e+00  1.93964450e+00  1.16325614e+00  1.78979142e+00
  9.55735365e-01  1.33807742e+00 -7.06630031e-01  1.23696963e+00
 -1.46173297e+00  2.79055944e-01  1.14548379e+00 -1.20735134e-01
  1.68219111e+00  1.07993125e-01 -1.67501233e-02  2.62746392e-01
 -4.27104401e-01 -2.20699509e-01  1.91503474e+00  1.48082368e+00
 -3.64347488e-01  5.36064507e-01  5.90103865e-01 -7.85987427e-01
  3.02538795e-01  7.89485550e-02 -1.08714611e+00 -4.98289108e-01
 -3.28774367e-01  1.32579942e+00  3.94130795e-02  1.76419793e+00
 -8.68370935e-01  6.82153300e-01 -3.43570969e-01 -7.32322307e-01
 -4.79865804e-01  2.38980108e-01 -8.67323656e-01 -4.11682746e-01
  2.00000000e+00  3.26925909e-01  1.00673400e+00  8.88193747e-01
 -5.34804834e-01  1.95053280e+00  3.79414615e-05 -7.45920881e-01
 -1.14980432e+00  9.90947387e-01 -6.96671949e-01 -5.32902915e-01
  1.60453225e+00 -5.80194347e-01  1.13225444e+00  1.70852522e+00
  3.17600626e-01  1.98388911e+00 -1.44918530e+00  6.83785736e-02
  7.54139602e-02 -4.10021104e-01 -1.59904361e-01 -1.17766145e+00
 -1.30381494e-01  1.48055056e+00 -1.57811091e+00  9.12008641e-01
 -1.41047871e+00  6.39145084e-01  1.58692597e+00 -3.40234800e-01
 -1.49957601e+00  1.51076139e+00  1.30709239e+00 -1.29252868e+00
  1.00273691e+00 -1.31007988e-02  1.11469690e+00  7.01908061e-01
 -5.61029033e-01  6.64335674e-02  8.70703555e-01  1.27865470e+00], Measures: [0.45173762 0.46825897]
Elite 2: Fitness: 255.70663182932566, Solution: [-1.07731649  1.26032219  0.71646773 -0.90223708 -1.13462985 -0.03018326
  0.47693562  0.39354772  0.5168142   0.07468697  0.4211521   0.57589835
 -1.13664347 -0.20919237  0.98917998  0.73574207  1.24613874 -0.50460048
  0.37367196 -1.24172704 -0.59549099 -0.02027384  0.29071326  0.5769789
 -0.56373316  0.38211234 -0.49072801  0.26143548  0.20553615  0.49057916
 -0.14562066 -0.23505567  0.04179034  0.66635765 -0.35921196  0.62180451
  0.4258764  -0.13472161 -0.42691797 -0.70113514 -1.16754964 -0.84646777
 -0.50526439 -0.48293302  0.36808837  1.07870367 -0.06924708 -0.76439525
 -0.52703788  1.01412547 -0.33739247 -0.70497502 -0.45019099  0.25004687
 -0.56530513 -0.00233207  1.20458686  0.80224217  0.37749848  0.17206257
  0.92084072  0.45913586 -0.91784975 -1.0755565   1.18509409  0.6138166
 -0.75447178 -0.84068787  0.20563885  0.57561891 -0.6402113  -0.56237781
 -0.59353501  0.39117921  0.07823477 -1.04671662 -0.76904151  1.14631614
  0.7436193  -0.70409492  0.77769536  0.11713251  0.01975973 -0.81773345
  0.02989499  0.37358514  0.52406515  1.76824219], Measures: [0.53037647 0.11268175]
Elite 3: Fitness: 253.07228024953312, Solution: [-1.93216298 -0.33320048  0.37983278  0.47402243 -1.62054276  1.63882595
  0.79271631  1.70905651 -1.46237325  0.55653407 -1.15167485  1.85397686
 -0.8215611  -0.11671054  1.86411465  0.29750112  1.94292963 -0.307393
 -0.51511624 -0.12379046 -0.35706812  0.36254382  2.          1.16408775
 -1.71758995  0.19135984  0.93651937 -0.26311032 -0.29282835  0.54315115
 -0.6975399  -0.90659118 -1.71782222  0.98143944 -0.13922654  1.6206033
 -1.50413915  0.68486423 -1.31920362 -1.30415841 -1.07485948 -0.42314515
 -0.15499227  0.05033754  1.57379833 -0.43111204  0.09438922  0.84568853
 -0.99519085  1.5049779   0.55405691  0.43303713 -1.36788874  0.16567188
  0.95637782 -1.66346944  0.76197015 -0.12824051  0.75377768  1.21124036
  1.05427848  1.36844747 -1.07763645 -0.07001323  1.39338929 -0.2535097
 -0.82542952 -1.45228363 -0.47662126 -0.37871275 -1.9296143   1.95642037
 -0.63867003  0.55728607  1.59224936  0.32560329 -1.06754543  1.81491782
  1.953523   -0.21112273  1.76679034  1.01027494 -0.47758307  1.04440206
  0.67929031  0.22504108  1.28746808  1.03515096], Measures: [0.42740439 0.57034405]
