Elite 1: Fitness: 500.0, Solution: [ 0.64831    -0.03214378  0.15857442  0.50939599 -0.56672885  0.28122088
  0.49706727 -0.15054924  0.69915501  0.91199635 -0.68356952 -0.37783568
 -0.05832532 -0.84476513  0.15865083  0.61073702 -0.30392292 -0.07007114
 -1.1434785   0.45838505  0.22181465 -0.54073285 -0.31801342 -0.94971034
  0.8044952  -0.13226387 -1.09458589  1.30757926 -0.48479073 -0.11782524
 -0.26718705 -0.7271633   0.95902849  0.05984023 -0.01463439  0.25973152
  0.62953589 -0.09510752  0.25636454 -0.25627415 -0.22345351 -0.66976683
  0.01125215  0.02805166], Measures: [0.03833567 0.01712093]
Elite 2: Fitness: 500.0, Solution: [ 0.25719102  0.44435691 -0.06409548  0.89883948 -0.54358078  0.53616917
  0.73474233 -0.04129022  0.04790167  0.41317605 -0.41974845 -0.14915383
  0.04539585 -0.80858406 -0.20442099  0.05912089 -0.56687062 -0.17561859
 -0.54237006  0.29161595  0.44341889 -0.87214721 -0.08701053 -1.10532729
  1.00299667 -0.40537295 -0.85850893  0.91587539 -0.41816887 -0.03355723
 -0.42322067 -0.88198332  0.82955552 -0.1732532  -0.05082876  0.3928175
  0.7243047  -0.20857814  0.30752007 -0.03380051 -0.20678608 -0.41842831
  0.20640703 -0.29080912], Measures: [0.09963329 0.03384236]
Elite 3: Fitness: 500.0, Solution: [ 0.57052702 -0.81899698  0.71904881 -0.83785677 -0.77285448 -0.62052753
 -0.04824687  0.18351896  0.52577276  0.46137849 -0.86467847  0.81288547
 -0.33793181  0.48653128 -0.11939489  0.10591069 -0.88219931  0.80388183
 -0.98926622  0.75249865  0.62709225  0.96671916  0.30660663 -0.5000041
  0.1774535  -1.04792652 -0.53549363  0.44647845 -0.60639856  0.7203261
 -0.54367559  0.23151832 -0.57577333 -0.19085822 -0.5244324  -0.51326483
  0.27544931 -1.12861276 -0.06320812  0.10315099 -0.70963446 -0.58231309
 -0.70041932  0.61083696], Measures: [0.06382546 0.05381203]
