Elite 1: Fitness: 309.96254292119966, Solution: [-6.52132950e-01 -1.39872174e+00 -1.09738268e+00 -5.16470370e-01
  6.25849756e-01  1.02325371e-01  1.15536271e-01  1.00941298e-01
 -5.85437185e-01  4.09037028e-01 -2.90273926e-01 -5.51678137e-01
 -3.74484076e-01  1.18295268e+00  7.27714838e-01  3.56669070e-01
  2.81038054e-01 -8.85518109e-01  9.70613249e-01  3.68664746e-01
  5.71887574e-01 -1.25882941e+00 -2.91723365e-02 -3.71641877e-01
 -7.69076551e-01 -8.87514247e-01 -8.82306454e-01 -1.27997222e+00
 -2.53630961e-01 -1.01122339e-01  1.31280872e-01 -9.51165024e-01
 -3.03068007e-01  1.25220984e+00 -3.69287213e-01  1.16491894e+00
 -1.60212765e-01  4.90758068e-02 -5.78929699e-01 -6.42963747e-01
  3.95414854e-01 -1.06028202e-01  1.03735171e-01  1.83586638e-01
 -2.29537222e-01  1.28240662e+00  7.89988086e-01  8.52137216e-01
  5.29513827e-04  4.87433197e-02  1.88238276e+00 -4.47848601e-02
  2.20774801e-01  7.43612813e-02 -1.08275117e+00  1.72890259e-01
 -4.41485012e-01 -5.53299633e-01  7.79383180e-01 -4.86083652e-01
 -2.02577397e-01  3.78753318e-01  1.01665841e+00  7.59847610e-01
 -2.35668031e-01 -1.04858369e+00  8.27319199e-01  5.55282116e-01
  1.60574708e+00  1.71085950e-01  1.12130835e-01  1.84319764e-02
  2.00454288e-01  3.57309367e-01  2.71761384e-01  1.11837369e-01
  6.44098132e-01  3.80425783e-03 -4.93138668e-01 -6.06284360e-01
 -4.49327454e-01  2.86695483e-01 -6.61089576e-01  9.95146071e-01
 -5.45262943e-02  7.63126241e-02 -7.94027641e-01  1.02201571e+00], Measures: [0.29042568 0.129756  ]
Elite 2: Fitness: 301.8567259097952, Solution: [-2.95733616e-01 -1.53934839e+00 -1.42732786e+00 -6.58016500e-01
  3.41460766e-01  5.83826727e-01 -1.04406665e+00  3.32960509e-01
 -2.18504812e-01  3.56519710e-01 -4.33119767e-01 -1.42226450e-01
  2.37525817e-01  1.23170700e+00  1.23035252e+00  7.46560104e-01
  2.18000072e-02  1.05647813e-01  1.05537997e+00  6.00558800e-01
  1.18335949e+00 -3.95790776e-01 -4.92772872e-01  2.16182811e-01
 -7.75770414e-01 -1.42916725e+00 -1.62747984e-02 -1.07260646e+00
  7.04771102e-01  1.93722711e-01 -2.49196892e-04  1.10073465e-01
  1.93843003e-01  9.19674205e-01 -5.86667707e-01  8.53720390e-01
 -6.09449287e-01  6.00324078e-01 -1.06925103e+00 -2.97861499e-01
  8.50620778e-01  2.66241402e-01  9.21903827e-02  1.18890821e+00
 -7.74389719e-01  6.27124576e-01  7.36475717e-01 -1.80152076e-01
  9.30293123e-01 -1.06991448e-01  4.40124933e-01 -8.66399169e-01
  1.33991690e-01 -3.38995090e-01 -9.21360715e-01 -1.04445381e+00
 -8.16243441e-01 -1.39702488e-01  5.73562835e-01 -3.19360893e-01
 -3.05548874e-01  1.78051400e-01  1.08064910e+00 -2.78647736e-01
 -1.57300932e+00 -2.30119190e-01  5.17775016e-01  7.84052008e-01
  5.30497596e-01  5.88405386e-01 -1.22757826e-01 -3.26875695e-01
  4.77853613e-02  7.81366077e-01  3.51896886e-01 -5.46638719e-01
 -1.54235673e-01 -9.24947448e-01 -4.39710671e-01 -1.18221026e-01
 -9.22819194e-01 -1.80129347e-01 -2.77254881e-01  7.06130884e-01
  8.10193404e-01  6.65107373e-01 -6.38863221e-01  3.85337917e-01], Measures: [0.47745111 0.08467294]
Elite 3: Fitness: 297.53426541253566, Solution: [-4.69556322e-01 -1.51889739e+00 -1.19544706e+00 -6.01610400e-01
  4.53807733e-01 -2.97736875e-01 -1.31627159e+00  5.83005659e-01
 -4.71090919e-01  6.44759293e-01 -5.62452740e-01 -1.89945783e-01
  9.70061272e-01  7.71904591e-01  9.34747449e-01  3.65886835e-02
  2.82523533e-01  1.21819152e-01  7.87464245e-01  7.69990178e-01
  8.08134176e-01 -5.93385948e-01 -4.44404110e-01  2.93262501e-01
 -5.69218806e-01 -7.83292474e-01 -3.88426153e-01 -7.56828223e-01
  9.45654516e-02  3.51924143e-01  2.16423944e-01 -1.09307349e-01
 -4.11990909e-01  9.47119710e-01  5.63887537e-01  9.68797275e-01
 -1.22616392e+00  7.90544201e-01 -4.74758857e-01 -2.85990272e-02
  9.69691599e-01  3.84727060e-01  1.21724511e-01  7.86839641e-01
 -3.91523388e-01  3.24366386e-01  7.85649130e-01  5.46228160e-01
  1.11055304e+00  1.33459915e-01  9.95050479e-01 -5.72717583e-01
 -1.29591078e-01 -1.93677585e-01 -9.09752381e-01 -1.05365345e+00
 -2.74632541e-01 -1.21316971e-01  9.53694580e-01 -4.64980648e-01
  9.03307868e-02  1.10838771e-01  1.12198194e+00 -4.21430525e-02
 -1.66200678e+00 -1.03319159e-01  1.08274302e-03  6.78925899e-01
  1.01473079e+00  2.91155793e-01  1.09231347e-01 -4.09162350e-01
 -2.06488055e-01  3.80339348e-01  6.41266528e-01 -4.99582752e-01
  3.98596082e-01 -4.07239309e-01 -6.87172913e-02 -1.91031963e-01
 -3.32195156e-01  3.37045934e-01 -5.65930254e-01  6.83531583e-01
  2.49908755e-01  1.47402525e-01 -7.84920571e-01  6.40226565e-01], Measures: [0.38946569 0.07295892]
