Elite 1: Fitness: 317.3288682418253, Solution: [-0.350716   -0.99127558 -0.9244777  -0.26979516  1.03009532  0.16615111
 -1.00351112  0.1098754   0.18463307 -1.15756992  0.78723913  0.26692599
  0.5321297   1.09805183  1.60099751 -0.09879694 -0.44939038  0.51638717
 -0.48823197  0.46820401 -0.49559535  0.12679581 -2.         -0.00942535
  0.76100148 -1.09314151  0.0139317   0.33834004 -0.24187287  1.23928768
 -0.90889944 -0.97245474  0.63372348  0.10247416 -2.         -0.06346247
  0.66048069 -0.009642   -0.48720411  0.0062682  -0.42443973  0.0674906
 -0.14598817 -0.03138205 -0.03953814 -0.22581186  0.92217094 -0.92995893
 -0.23819881  0.48732457  0.68547743 -0.24436705 -0.63150338 -0.04968907
  0.08828298  0.77921474  0.06791377  0.05286208 -0.43480072  0.09802349
 -0.34925408 -0.03123387 -0.53879262  0.26747377  0.1002749  -1.06744247
 -0.01013325  0.00669146 -0.35593349  0.3304221   0.81196123  0.3955226
  0.68403492  0.2632397  -0.17057176 -0.07082759 -0.4960641  -0.29594212
  0.46906999 -0.08202662  0.6813637  -0.33734465 -0.19807173 -1.02744262
  0.19067902  1.06174855  0.98789389 -0.70489991], Measures: [0.51871223 0.04930557]
Elite 2: Fitness: 315.76998989025367, Solution: [ 0.13689582 -0.6160771  -1.35103624 -0.41063913  0.19673288  0.28552618
 -1.19601186 -0.92059169  0.43331655 -0.51601283 -0.38954675 -0.33541358
  0.8347985   0.98789269  1.24561706  0.29850514 -1.25696606  0.65709335
 -0.06847131  0.36910881 -0.05985898 -1.23089772 -1.56178245  0.58487663
  0.13644239 -0.31011891  0.05757785  0.62859599  0.17667905  0.59430879
 -0.08684821 -0.49761343 -0.27820158  0.24696254 -1.45303995 -0.1401022
  0.59576945 -0.25904738 -0.73257351 -0.93414937 -0.48534675 -0.55084785
 -0.66619392  0.77727168  0.12440072  0.0982216  -0.10779684 -0.8227127
 -0.05817912 -0.46783844  0.99105255 -1.04301888 -0.39112454 -0.55388096
 -0.2477988   1.56165043 -0.49522508  0.10833961 -0.82935182  0.61873113
 -0.43807265 -0.3633679  -0.02770148  0.16965472 -0.10076896 -1.44178599
  0.05154161 -0.760735   -0.45018851  0.31329254  0.96862014  1.71099809
  1.1895245  -0.21231688 -0.1152519  -1.01701911  0.14234112 -0.4988272
  0.30709138  0.87001284  0.18571153 -0.13226429  0.11695753 -0.48930568
 -0.12691104  0.78764447  0.75430765 -0.72619302], Measures: [0.52640465 0.18094291]
Elite 3: Fitness: 313.91074000451056, Solution: [-0.36155071 -1.27325377 -0.37837841  0.18077468  0.39862829  0.58376017
 -1.19453335 -0.28837093  0.40727117 -0.86276174  0.27980693 -0.98575214
  0.68669725  0.29177255  1.25758254  0.36098019 -0.85692599  0.52003538
 -0.18534257  0.90022476 -0.53139225 -0.51305823 -1.26178301  0.30160068
  0.55196297 -0.29571014 -0.20837762  0.54212718 -0.15741131  1.12052453
 -1.23265387 -1.05670358 -0.08090112  0.50909798 -0.93597473  0.3240757
  0.42884382 -0.53111863 -0.99793794 -0.31015382 -0.37209291 -0.33879554
 -0.06032056  0.23509307 -0.40615063  0.22830868  0.34923157 -0.69742644
 -0.86221506 -0.05641902  0.24591591 -0.07229624 -1.01156954 -0.31230797
 -0.21284171  1.21120389 -0.97667877  0.19205765 -0.92919051  0.59358422
 -0.3522858   0.15790025 -0.42448096  0.31443609  0.29030463 -1.55839214
 -0.22649251 -0.87905147 -0.36604735  0.20527299  0.88487279  1.49112821
  0.73931568  0.10260921 -0.06299599 -0.32912185 -0.20481733 -0.2214072
  0.12671363  0.88516288  1.14541074 -0.13343805  0.46752123 -0.07687307
  0.20948908  0.75072276  0.93557181 -0.73356351], Measures: [0.24585183 0.1351734 ]
