Elite 1: Fitness: 270.80461787028617, Solution: [-1.00579057  1.06695176  0.86894569 -0.74594526 -0.4230685   0.23373364
 -0.69018594 -0.10251359  1.26259257 -0.25925165 -0.44682439 -0.21365106
  0.46613748  0.52738389  0.82253776 -0.17481492 -0.50720429 -0.37599945
 -0.28694114  0.32316288 -1.09313417 -1.05522118  0.77951362  0.26683454
  0.26033015 -0.85417944 -0.198377    0.38407444  0.82306478 -0.39600532
 -0.26513549  0.30600088 -0.43644688  0.68700087  0.07264495 -0.24981267
  0.50906779  0.78773082  0.11090829  0.7627212   0.56591144 -0.42893198
 -1.10229508 -0.37206663  0.20872325  0.17126469 -0.0375617  -0.65770125
 -0.66877997 -0.85144138  0.90082718  0.14507733  1.01498903 -0.83079173
 -1.14569207 -0.36603867  0.58042046 -0.96704116  1.09042945  1.16451383
 -0.78270445  1.22149143  0.17798061 -0.40144312 -0.53299688 -0.27030466
 -1.08268062  0.62200207  0.36165941  0.06135838  1.47182349 -0.24175934
  0.17733006 -1.50827969  0.4534155   1.06710847 -0.22020468  1.04400449
 -0.54415897  0.50733656 -0.19884058  0.25654796 -0.7549865   0.36038194
 -0.01988564 -0.25207236 -0.23012981  0.66121162], Measures: [0.53110414 0.12816752]
Elite 2: Fitness: 269.7307628546409, Solution: [-6.79507073e-01  1.18965172e+00  1.26624303e+00 -9.19721312e-01
 -3.03356199e-01  7.99481868e-01 -2.91131058e-01 -6.23310113e-02
  6.41346984e-01 -2.22299157e-01 -9.91325322e-01 -9.76862220e-02
  6.65089714e-01  3.82738323e-01  9.42080113e-01 -6.39867234e-02
 -4.22301618e-01 -1.78387547e-01 -5.24775500e-01 -9.67674211e-02
 -1.34273149e+00 -1.18036324e+00  6.36477511e-01  4.23917982e-01
  2.97505101e-01 -5.87723639e-01 -4.43062418e-01  3.95485238e-01
  5.79019873e-01 -4.59994072e-01 -2.58687683e-01 -7.85037734e-02
 -5.87534134e-01  5.20412911e-01  1.37002212e-01 -2.83486394e-01
 -2.27818043e-03  9.94300707e-01 -1.84979509e-02  7.74892142e-01
  3.23368239e-01 -1.05677861e+00 -9.04462149e-01 -5.12827038e-01
  3.94818054e-01 -6.70776124e-03  1.75456050e-01 -5.56455675e-01
 -4.19064464e-01 -3.22662576e-01  1.08186096e+00 -2.05526661e-01
  6.56400890e-01 -5.23206436e-01 -1.14439230e+00 -2.06966543e-01
  9.52272898e-01 -6.73445301e-01  1.00900466e+00  1.16294109e+00
 -7.05795792e-01  1.04535599e+00 -5.72986969e-02  1.84168400e-01
 -8.53037098e-01 -6.38974417e-01 -7.45103100e-01  3.37402744e-01
  2.93656249e-01 -3.55329088e-01  9.73574117e-01 -4.23625038e-01
 -6.02954632e-01 -1.26785387e+00  1.40507557e-01  1.32077754e+00
 -8.34996963e-02  1.09911405e+00 -3.86340934e-01  6.50067967e-01
 -3.53465881e-01 -5.25452262e-02 -6.60293830e-01  4.56688867e-01
 -1.14419280e-03 -1.61745241e-01 -3.25463601e-01  6.30954452e-01], Measures: [0.42602584 0.16074141]
Elite 3: Fitness: 268.5223192177415, Solution: [ 0.5717511   0.35398486  0.35441367 -0.57560298 -1.68281645 -0.68201044
  0.00670716  0.21601461 -1.33477877 -1.01910984  0.22308722 -0.10504629
 -0.50807714 -0.1952115   0.78396649 -0.39042033 -1.5107709  -0.6890352
 -0.26194973 -0.67004219  1.19136107 -0.85369983 -0.29813179 -0.64718778
 -0.5586539   0.03251233 -0.71936096  0.18679552  0.71739122  0.62499214
  0.14927241 -1.40287679  0.04418053 -0.11990217 -0.26279143  1.06420622
 -1.22176203 -0.68608331 -0.15935618 -0.66311898  0.89049721  0.47914602
  0.59799065 -0.0551948   0.58266662  2.          0.70891301 -0.20565034
  0.29665418  0.2894952   0.91677857 -0.64451732  1.38719374 -0.49191892
 -0.0944104  -0.05253352  1.8528374  -0.24245064  0.06017489 -1.20121365
 -0.20793767  1.7814302  -0.93988503  1.11181739  0.62597998 -0.29774617
  0.21103375 -0.7498179   1.72564274 -0.25221481 -0.63993791  0.35349927
  0.20260485 -1.28708579 -0.1237211   0.49697156  0.43989596 -0.05813567
 -0.3686012  -0.4979899  -0.28996839  0.20905341 -0.49944143  0.33212759
 -0.14190929  1.51863334 -0.74411001 -0.58417018], Measures: [0.55693973 0.14240197]
