Elite 1: Fitness: -102.0, Solution: [ 0.5925183  -0.17053853  0.01299044  0.26716767  0.15563013 -0.60515308
 -1.55551457  1.06165371  1.32299558  1.11411922  0.07555393 -1.25188062
  0.37787852  0.41755756 -0.46120349  0.90824784  0.67179967  0.35377451
  1.52227588 -0.9446768   1.38711776  0.55287658  0.64461394 -0.48567752
  0.67501093  0.39242294 -0.57270845  0.39583965  0.07188588 -0.03646797
 -1.87313224 -1.2304375   0.03588266 -0.95043515  0.70148812  0.65288772
 -1.26804972  0.08774037 -1.04612602  0.90866434  1.78632258 -0.18764314
  0.72853988 -0.20030551  0.77070586 -1.20304896  1.12248241  0.37340473
 -0.12415174 -0.29872406  0.74574151  0.51359694  0.10241254 -0.1327656
 -0.89694527 -0.60892375 -0.44504931 -0.75598142 -0.4474132   0.56939153], Measures: [0.4575722  0.24418876]
Elite 2: Fitness: -103.0, Solution: [ 6.69003542e-01 -1.69222407e-01  1.52432464e-01  1.21194215e-01
  1.11422017e-01 -1.03347341e+00 -1.62784166e+00  8.68845029e-01
  1.54575105e+00  1.31792356e+00  2.01532359e-01 -1.26132488e+00
  2.92707367e-01  1.87323217e-01 -4.98369489e-01  9.27900494e-01
  6.14063761e-01  3.72643447e-01  1.13046721e+00 -1.18043378e+00
  1.60740722e+00  3.86514730e-01  3.84922340e-01 -3.87201174e-01
  1.08786040e+00  2.84564016e-01 -4.93033129e-01  4.17343076e-01
  8.45645073e-04 -1.52093060e-01 -2.00000000e+00 -9.60888626e-01
 -1.39415644e-01 -6.46799441e-01  7.21176344e-01  6.52315351e-01
 -1.37223681e+00 -1.04461368e-01 -6.90524330e-01  7.36325481e-01
  1.62102167e+00  5.61772202e-02  7.83156985e-01 -5.27874797e-01
  3.58821650e-01 -1.25076869e+00  6.26587605e-01  3.32832480e-01
 -3.20335908e-02 -4.67633901e-01  8.67975770e-01  5.60051224e-01
 -4.39368081e-02  2.27456963e-02 -9.88356276e-01 -7.56218541e-01
 -4.34486380e-01 -5.22341559e-01 -4.16643682e-01  7.41091199e-01], Measures: [0.34421939 0.1767104 ]
Elite 3: Fitness: -103.0, Solution: [ 0.64196614 -0.085998    0.01052967  0.04878521  0.11270884 -0.65889936
 -1.69343722  0.95996822  1.41702814  1.36298345  0.08209113 -1.22593892
  0.34978031  0.33860647 -0.41478189  0.86688262  0.60839188  0.21524489
  1.29981803 -0.9828016   1.45678726  0.45492099  0.52539246 -0.29433697
  0.64411877  0.36237645 -0.51650852  0.35227916 -0.02453253  0.01310314
 -1.93240615 -0.98469491  0.07654219 -0.84847585  0.67809176  0.71292707
 -1.15976563  0.04241698 -0.99592215  0.93841102  1.79678024 -0.10368474
  0.69841978 -0.28531306  0.64673117 -1.1792786   0.99737961  0.42050535
 -0.05727167 -0.37044633  0.68238733  0.45323807 -0.01579497  0.12063264
 -0.80551312 -0.76818907 -0.37661337 -0.5575104  -0.40173102  0.68859359], Measures: [0.38988422 0.22151961]
