Elite 1: Fitness: 500.0, Solution: [ 0.24426507 -0.57695323 -0.63208717 -0.98396451 -0.43541641 -0.77698392
 -1.09530775  0.04580094  0.23536261 -0.3395449   0.28055547  0.32305772
  0.361456   -0.81530416  1.03204557 -1.76449846  0.40150952 -0.58354516
  0.26576835 -0.6456863   0.55699785 -0.58788196  0.32147763  0.42962959
 -0.38242383  0.459649    0.92369207 -0.28727611  1.61823764  0.01287205
 -0.52307867 -0.53169978 -0.68557284 -0.08037931 -0.55275626 -0.32213237
 -0.29672175  0.75141843  0.14482142  0.26791834 -0.0949008  -0.95521008
 -0.98124248  0.30895319], Measures: [0.02156274 0.08536457]
Elite 2: Fitness: 500.0, Solution: [ 0.07948535 -1.1494998  -0.91458849 -0.3976353  -0.30242134 -0.68821667
 -1.36971092  0.00396272  0.58031279 -0.42590203  0.18708301 -0.50061763
  0.28311848 -0.8068776   0.71832087 -1.26564005  0.29143224 -0.60863687
  0.38783337 -0.60303089  0.21940241 -0.06837166  0.28281308  0.5905114
 -0.86973335  0.11645418  0.22054497 -0.29780223  1.39602293 -0.49369462
 -0.41535528 -0.73133069 -0.48043159 -0.12224887 -0.88278248  0.36547899
 -0.10756489  0.03239644  0.36702984  0.39910918 -0.06352222 -1.02829003
 -1.51278373  0.17818373], Measures: [0.11642351 0.07744657]
Elite 3: Fitness: 500.0, Solution: [ 0.53750208 -0.8758491  -0.86167273 -0.50444474 -0.58277483 -0.60253908
 -1.27468791  0.07065881  0.94718526 -0.42415367  0.18142261 -0.22586017
  0.44474293 -0.50403735  0.84576023 -1.47852984  0.41003822 -0.5506015
  0.52128642 -0.60236374  0.40451024 -0.29071183  0.07146608  0.62776622
 -0.51037275  0.35072385  0.60406232 -0.31508721  1.57633323 -0.031163
 -0.47712066 -0.48151919 -0.57616058 -0.10889039 -0.60977271  0.32015728
  0.06035768  0.29271636  0.67448775  0.43556201 -0.25249968 -0.98083044
 -1.28386038  0.28103819], Measures: [0.25127802 0.05721784]
