Elite 1: Fitness: 500.0, Solution: [-0.23380502  0.22331747 -0.69186723  0.93636511  0.69229692  0.50262617
 -0.88574667 -0.04912894 -1.0789513   1.10015084 -1.52972052 -0.97789607
 -0.84223861  0.83243792 -1.3991192  -0.92887389 -0.28249823  1.10181381
 -0.15966896  0.04421186  0.47264889  0.56269889  0.11831192 -0.1550282
 -0.11285685 -0.28375895 -0.36564637  0.52979063 -0.05801733  0.19372002
 -0.83867375 -0.01057329  0.12716506 -0.55838858 -0.16722432 -1.18258287
  0.57362451  0.09768225  1.93438133 -0.65186682  0.00593306 -0.20074593
 -0.53439266 -0.22346722], Measures: [0.05199318 0.08818008]
Elite 2: Fitness: 500.0, Solution: [-0.05530839  0.11596786 -0.30594227 -0.55043427 -0.65308993 -0.94368537
  0.2068492   0.07679942  0.0718346   0.76770259 -1.45810181 -1.08849456
  0.63512127 -0.90056579 -0.6965098  -0.33761156 -0.74390718 -0.3181349
  0.44497628 -0.0544303   1.16986304  0.14038023  1.71922935  1.73353247
 -0.7472845   0.25248599 -0.22063808 -0.14950129  0.07186554  0.35543539
 -0.45546614 -0.5233813  -1.17072139 -0.85586325 -0.83037458 -0.72384786
  0.07064113 -0.40421069  0.95456377 -1.36426161 -0.34598984 -0.45463615
 -0.69943289 -1.53264885], Measures: [0.04018057 0.14732928]
Elite 3: Fitness: 500.0, Solution: [ 0.87283104  0.41207036 -1.11289333  0.84054732  0.38035617  0.5926589
 -1.18422337 -0.44498767 -0.0903687   0.18099069 -0.77597996 -1.48244035
 -0.10424261  0.1183804  -1.0531994  -0.66757617 -0.23387086  1.39950737
  0.44036303 -0.47751048  0.85490556 -0.61531726  0.4215754  -0.05240278
 -0.10014564 -1.53526236 -0.80737068  0.84350783 -0.28204809  0.53505302
 -0.11086889  0.45226298  0.71778997 -0.24812314 -0.59637524 -0.90199771
  0.33551304 -0.7302914   1.38501943 -0.82763747  0.20628583 -0.2603678
 -0.54025977 -0.5197984 ], Measures: [0.13472627 0.07677509]
