Elite 1: Fitness: 500.0, Solution: [ 0.24598717  0.51549394  0.76248413 -0.65797574 -0.00354154  0.19743939
  0.62966174 -0.86351107 -0.23494744  0.12639298  1.08602674 -0.77758965
 -0.64462052 -0.1482052  -0.81920338  0.04603205  1.13151325 -1.11080505
 -0.2891435  -0.28511373  0.4876904   0.32834132 -0.73352329 -0.13374276
 -0.21970213  1.02554929 -0.4569352   0.43022726  0.0944864   1.00697204
  0.39022085 -0.3852423   0.09853209 -0.29983679 -0.16748965 -0.31849302
 -0.01875865 -0.9086268   0.62061649  0.37999429 -0.65798531 -0.63108978
 -1.11488814  0.2318158 ], Measures: [0.01944333 0.05279994]
Elite 2: Fitness: 500.0, Solution: [ 0.35375135  0.62658283  1.12630698 -0.81888331 -0.50455645  0.33562011
  0.58636848 -0.73439529 -0.28412952  0.20498335  1.18406758 -1.65932005
 -0.75148821 -0.1366006  -0.68183468  0.13341076  1.14936853 -0.96779939
 -0.08661055 -0.21548149  0.04004029  0.18948647 -0.80667105 -0.26336798
 -0.09881245  0.5371716  -0.46822617  0.69010567  0.18153723  1.3848729
  0.35690826 -0.04202126 -0.40121628 -0.42904467 -0.88299867 -0.22357351
 -0.1321106  -0.64707449  0.61040492  0.22275352 -0.75532791 -1.23903484
 -0.88150836  0.02952072], Measures: [0.06866839 0.16240837]
Elite 3: Fitness: 500.0, Solution: [ 0.11942561  0.53015699  0.81386758 -0.7187332  -0.23140051  0.31725694
  0.84267056 -0.90837311 -0.10893209  0.20830342  0.58824977 -1.18099517
 -0.76639888 -0.81478504 -1.08331366  0.0728395   0.84641168 -0.60470278
 -0.00691598 -0.10978814  0.18586923  0.14302793 -0.91157346 -0.57887972
 -0.4436706   0.87427485 -0.59943081  0.21660404 -0.27295521  0.90177916
  0.53374259 -0.38813803 -0.36134173 -0.24950657 -0.42657796 -0.4605581
 -0.08197738 -0.96451657  0.64226422  0.35014434 -0.56431867 -0.98363688
 -1.00135395  0.27266081], Measures: [0.15665926 0.0504171 ]
