Elite 1: Fitness: -109.0, Solution: [ 1.13179414e+00 -1.03671165e-01 -4.08280728e-01 -3.81028358e-01
  3.62026563e-01 -8.97569938e-01 -1.70059977e+00  8.65070261e-01
  3.02759399e-01  6.49534001e-01  5.92753348e-01 -8.48232100e-01
  6.40484289e-01 -1.14727557e+00 -4.97885945e-01 -1.44833021e-01
 -1.00133839e+00  3.97426207e-01 -8.21678282e-01  7.00256063e-01
  1.74854230e+00  3.61694945e-01  7.64979845e-01 -1.04197723e+00
 -7.07127458e-01 -1.00192668e+00 -2.90314913e-01  5.01341139e-01
  3.48983105e-04  9.32579704e-01 -1.58739791e+00  1.21672854e+00
 -1.36052640e+00  5.32808021e-03  5.39036193e-01 -1.05313280e-01
 -9.63783383e-01  8.84249533e-01 -7.56081268e-01  9.00059977e-01
 -4.69499969e-01 -5.43889173e-01  1.36026019e+00  3.06810190e-01
 -1.94800118e+00 -2.61078748e-01 -7.90883242e-01  9.19891203e-01
 -5.33085496e-01 -5.58333519e-01  1.30620857e+00  6.66739899e-01
 -8.09850456e-02 -9.05045834e-02  6.41778528e-01  1.50531036e+00
 -9.35856310e-01  7.23833884e-01 -6.84787496e-01  5.82765337e-01], Measures: [0.46111476 0.18199021]
Elite 2: Fitness: -110.0, Solution: [ 1.18807313 -0.65038652 -0.44399155 -0.51004939  0.74397187 -0.90544109
 -1.52413768  0.96568162  0.23017901  1.26009112  0.86012842 -1.10248786
  1.1036285  -0.67082563 -0.42041841 -1.70806274 -0.90713089  0.46749396
  0.09884327  0.69374038  0.83002944  0.37628023  1.28236839 -1.52045401
 -0.7896361  -0.15746498 -0.18203049  1.67986909 -0.65191093  0.66240665
 -1.12809616 -0.51104431 -1.17181941 -0.95410383  0.96318449  0.83300966
 -1.32279813  1.10655031 -0.65743894  0.94340458  0.05668279 -0.31083407
  1.00472545 -0.6384719  -1.74180048  0.92226043 -0.67502823  0.66246064
 -0.77337399  0.27158578  1.17903193  1.53700626  0.58235581 -1.71822405
  0.67769635  1.16250719 -0.71975135  0.9985113  -1.12507235  0.28285386], Measures: [0.51885468 0.41214516]
Elite 3: Fitness: -110.0, Solution: [ 0.92374933 -0.50571475 -0.49683577 -0.44202845  0.53021255 -0.06235431
 -1.97805619  1.2216649   0.34203572  0.87287632  1.02419193 -1.0337132
  0.01074316 -1.34161612 -0.02362273 -1.29739307 -0.37998884  0.04927304
 -0.04432676  1.50605989  0.83036318  0.40054672  0.50238479 -0.48443649
 -0.51399877 -0.10910978 -0.42003761  0.20150947 -0.22170166  1.11984272
 -0.60918674 -0.48099706 -0.10585331  0.20935409  0.54736891  0.89101733
 -1.57570547  1.01324833 -0.59639278  0.54396349 -0.22326342 -0.20651944
  1.05715833 -0.93051512 -1.42945713 -0.13675149 -0.61710776  1.01967368
 -0.7896626  -0.46101866  1.89907856  1.25717587  0.52442592 -1.41606997
  0.70853779  0.87719959 -0.45141387  0.72389871 -0.21129231  0.99177276], Measures: [0.49250442 0.40712106]
