Elite 1: Fitness: 500.0, Solution: [ 0.46232041  0.20480848  1.04100435  0.53679737  0.50396891 -0.23165544
 -0.90847354  0.59998037  0.09697337  0.69496989  0.67523522 -1.26775333
  0.08916359 -0.18148248 -0.56209503  1.49869776  0.57848403  0.49649092
 -0.06208572 -0.51864324  0.68550335 -0.45239803  0.29858354  0.5328425
  0.95535734 -0.71181785 -1.08500049  0.1533311  -0.05449958 -0.02184078
 -0.80941507  0.04691106 -0.23204329 -0.99592899  1.08332143  0.0310618
 -0.48216079 -0.01899726 -0.2865196   0.4383378   1.04937146 -0.6006492
  0.91296909 -0.29798676], Measures: [0.31726536 0.0978095 ]
Elite 2: Fitness: 500.0, Solution: [ 0.49433378  0.29151165  1.27193848  0.49564452  0.10087779 -0.00917857
 -0.99081765  0.45024499  0.50075979  0.95516527  0.76453631 -1.10550175
 -0.0727185  -0.38990376 -0.40553115  1.33952013  0.34073783  0.35098533
 -0.06866847 -0.44524209  0.74774552 -0.23835205  0.35037326  0.30301138
  1.03551836 -0.62408429 -0.92415918  0.46540755  0.17728719  0.28077129
 -0.82835729  0.05840183 -0.0177482  -1.26474143  0.67017789 -0.07543681
 -0.33808351 -0.34324947 -0.44782149  0.4658274   0.92133574 -0.5410847
  1.07960839 -0.50300423], Measures: [0.38169541 0.11504435]
Elite 3: Fitness: 500.0, Solution: [ 0.54553561  0.45037285  1.01320701  0.55083233  0.53250871 -0.10337788
 -0.87500382  0.53004859  0.30210253  0.89405978  0.46797385 -0.99699566
 -0.2018487  -0.45770572 -0.39236269  1.22081207  0.22690031  0.43888147
 -0.07313554 -0.56343782  0.56193379 -0.19635184  0.35672667  0.28866503
  1.20560113 -0.61824881 -1.12257057  0.20821133  0.05914205  0.08748398
 -0.87307945 -0.09254607 -0.21240829 -1.09267051  0.73116958  0.18218467
 -0.41334664 -0.18942419 -0.32752061  0.52501689  1.18573159 -0.50694553
  0.88455938 -0.3333722 ], Measures: [0.43959964 0.08325941]
