Elite 1: Fitness: -90.0, Solution: [-0.00901357 -0.04409127 -0.09536392 -0.645522    0.39938638 -0.05102244
 -0.79544096  0.76982944  1.07782781 -0.68393198  0.91762772  0.15414847
  0.60746806  1.2347916  -0.40507769 -0.82117918 -0.26214597  0.0553271
  0.35367362 -0.38121343 -1.05220277  0.0504165  -0.88027067  0.56709389
 -0.94455239 -0.46431501 -0.0602979   0.50499901  0.16723091 -1.39498933
 -0.08958905  1.13341923  0.15595063 -0.46452284  0.00251126 -0.1642263
  0.67880011 -0.00783053 -0.05828747  0.99580947 -0.43924063  0.32308665
  0.90496234  0.84282675  0.62999954  0.19230418  1.38012826  1.20581152
  0.59659081 -1.2560355   1.21958336  0.20809164  0.71974423  1.27388411
  0.64637089  0.04737189 -1.28893091  1.04979854 -1.03837385 -0.07009758], Measures: [0.21353636 0.19356555]
Elite 2: Fitness: -90.0, Solution: [-3.90137406e-01  1.43393970e-01 -9.48032986e-02 -5.41262443e-01
  4.17683023e-01  4.64864520e-01 -1.49299083e+00  2.32728438e-01
  1.03587281e+00  1.65363573e-01  6.29933869e-01  4.44354293e-01
  7.25351701e-01  1.48944765e+00 -2.85144272e-01 -5.19988160e-01
  4.01792629e-01 -1.95015509e-01 -1.13366944e-01  1.47406748e-01
 -5.16417403e-01 -2.73038704e-01 -5.99083215e-01  7.59248104e-01
 -1.37135530e+00 -1.68570096e-01 -1.00413318e+00  2.08212137e-01
 -8.01535700e-01 -1.13090900e+00 -7.18594125e-01 -3.98682495e-01
 -1.89955925e-01 -5.07155670e-01 -2.85207603e-02 -6.23796974e-01
  5.37545488e-02  6.70948904e-01  1.97848937e-01  1.00404611e+00
 -7.21125421e-01  2.11787544e-02  1.07610324e+00  8.72988327e-01
  3.66270489e-01  6.09359857e-01  1.77156958e+00  9.16040325e-01
 -6.13440968e-01 -1.02360625e+00  9.09206113e-01 -1.62263893e-03
  3.58647225e-01  1.05296671e+00  4.13834045e-01  1.50298376e-01
 -1.54157330e+00  1.26732305e+00 -1.51176976e+00  4.66786051e-01], Measures: [0.33307419 0.29337283]
Elite 3: Fitness: -90.0, Solution: [-0.01902117 -0.09778377 -0.06457735 -0.63791973  0.19622731 -0.18679339
 -0.73687272  0.97538968  0.97854053 -0.562456    0.67137213  0.33609153
  0.49272246  1.28772091 -0.36471648 -0.63778846 -0.22696884 -0.21494103
  0.17097591 -0.15500555 -0.96498086  0.01643678 -1.04877868  0.59218672
 -1.18007351 -0.69009776 -0.41935284  0.36089497  0.1126096  -1.33438724
  0.0669245   1.25087673  0.07113144 -0.48910299  0.08945576 -0.31528149
  0.48729056  0.01476938  0.10965312  1.00039164 -0.3541251   0.4805709
  0.87258071  0.68334687  0.60004938  0.40250225  1.37882968  1.23347522
  0.37267163 -1.30903687  1.23152372  0.12474582  0.98606293  1.16897344
  0.5074704  -0.05131057 -1.45517877  1.15434259 -0.95090232  0.28319587], Measures: [0.2414053  0.22970487]
