Elite 1: Fitness: 277.6581734360918, Solution: [ 0.03313753  0.05327341  1.30655261  1.02961768  1.18987967 -1.12892733
  1.37474894 -0.76461513 -0.88570038 -1.14560022 -1.74923011  0.30907741
 -0.76174958  0.47657755  1.41186265 -1.07381236  1.07574528  1.24669666
 -0.33197494 -1.14745761 -0.55941139 -1.5439649   0.21300697  1.14297324
  1.10256696  0.92885482 -0.24165145 -0.2125528  -1.04518579  0.75055602
  1.12628045  0.52711576 -1.37089246 -0.88872967  1.13533187  0.76050613
 -1.03881095  1.32384231  1.03072885  0.82348171 -0.22110888  0.86880196
 -0.52354239 -0.74035515  0.25697393  0.73103532 -0.9551944   0.32138675
  0.66877333 -0.11752546 -0.65644302  0.40506589 -0.82421551  0.32603655
  0.89748011 -0.58369661  0.04766805 -1.20537669 -0.20113359  0.59247441
 -1.70037366  0.32780804 -1.11003935 -0.10134205 -0.12783216 -1.30643411
  0.44485365 -0.55040888 -0.19926189  0.13304201  0.53966682 -0.97951049
  0.72695799 -1.17682668  0.24262833 -0.38529458  1.52177498 -0.27769641
  1.35484189 -0.92753475  0.30644441 -0.27747171 -1.4680408  -0.82235095
 -1.01811503  0.98733007  0.91038833  0.39435542], Measures: [0.55635269 0.22913587]
Elite 2: Fitness: 276.20237448081355, Solution: [-0.3554189  -0.36973751  0.9572605   1.23959551  0.95585874 -0.64937273
  1.32971988 -0.33726492 -1.21361308 -1.00633136 -1.11051121 -0.06123025
 -0.66921211 -0.21111357  1.07263504 -1.0136872   1.74629728  1.10221615
 -0.13191866 -1.91955084 -0.28559029 -1.48614062  0.03627979  1.49618518
  1.10540266  0.84837053 -0.1235918   0.46297205 -1.04143975  0.28016957
  1.14967295  0.96351086 -0.99571892 -0.79426666  1.06505507  0.25559851
 -1.01511864  1.32904734  0.9362565   0.57078805 -0.51045211  1.18935547
 -0.50824721 -0.63975925 -0.26258022  0.7205902  -0.45354129  0.81064931
  0.99699144 -0.80595577 -1.23743078  0.50200168 -1.32613201  0.94100617
  0.47577991 -0.317722   -0.0343879  -0.42178561 -0.83828236  0.64552089
 -1.06314779  0.371523   -0.6490249   0.13987906  0.01777815 -1.30344672
 -0.43682867 -0.18019282 -0.33982881 -0.18187523  0.79825541 -1.09477501
  1.1045219  -1.49591222  0.31764897 -0.46671425  0.8412734  -0.00686258
  1.56635482 -0.40689046 -0.20516833  0.63158649 -1.22434146 -0.58394906
 -0.65573975  0.63464072  1.17848514  0.85056951], Measures: [0.57540132 0.09883999]
Elite 3: Fitness: 275.52078506935794, Solution: [ 0.09390004 -0.07553636  1.17262637  0.75201879  1.07067749 -0.50065588
  1.26814193 -0.55359247 -1.89749682 -0.76496681 -1.23165211  0.32276328
 -0.89174705  0.80296686  0.60062061 -0.96608943  0.63379589  1.07903557
 -0.26726198 -1.43761391 -0.72355381 -0.73489347 -0.18832852  1.11900459
  1.5021693   0.57364105 -0.41317751 -0.34766408 -0.96372851  0.48868148
  0.83244842  1.13549513 -1.37319277 -0.96805802  1.72623477  0.38269179
 -0.79880181  1.27909445  1.26688703  1.15106895 -0.08224172  1.25806787
 -0.68473985 -1.16949688 -0.47751516  0.807956   -0.88223889  0.57732909
  0.96203379 -0.28234295 -0.32499438  0.07686238 -1.16096988  1.14644016
  0.5574868  -0.97089912 -0.1875849  -1.44386838 -0.64368917  1.3309334
 -1.09062957  0.38247577 -1.05009481  0.5205266  -0.29806712 -1.06652644
  0.34385969 -0.78342003 -0.83996799 -0.01907606  0.62111652 -1.23691585
  1.30102555 -1.17819422  0.15793958 -0.62621703  0.63413603 -0.02964087
  1.13452347 -0.86247472 -0.10352915  0.10529738 -1.23416369 -1.31044838
 -0.2750609   1.40827297  1.09636068  0.34849341], Measures: [0.60298527 0.17690112]
