Elite 1: Fitness: 273.06293399759437, Solution: [-1.23001518 -0.76273977 -0.25445068  0.49279695 -1.8738401   1.92324287
 -1.39601547 -1.817623   -0.81795337 -0.04240608  0.0910711   0.55557557
  1.00641432 -1.83610294 -1.63756569 -1.58033683  0.02719699 -0.04024642
  0.60224262 -0.28633476  0.63562893  0.2449267  -0.46226088  0.80525886
 -1.22596001 -1.75311128  0.05119469  0.08803511  0.0883719  -0.62590927
 -0.76542361  0.91822813  0.47418026  0.56473687 -0.63362883  1.97342148
 -1.40438275  0.55612464 -1.35512437 -0.63928591 -0.35260593 -0.39092212
 -0.56702306  1.37234899  0.16940706 -0.02861593 -0.70498846 -0.64908959
 -1.5420914  -1.60056089 -0.44125508 -0.98813834  1.17370245 -1.33878022
  0.49456337  0.20647213 -0.98547719  0.63971449  0.15188183 -1.73559805
 -0.72094652 -1.37190434  1.36704917 -1.47326005  0.57444378  0.48260129
 -1.2402975  -0.78863786  0.59064678 -0.27125586  0.1055298   1.49172021
  0.61782697 -0.64889184 -0.13783279  1.83101951  1.60068834  1.25861297
 -0.09171332 -0.05636986 -1.68215721  1.52873526  0.51796176 -0.32859842
 -1.36147582  0.0354589  -0.78883166 -0.58982502], Measures: [0.30861407 0.58018067]
Elite 2: Fitness: 270.9715878877935, Solution: [-1.09045242 -0.67642194 -0.79961718  0.50868959 -1.67533894  0.61840181
 -1.28424597 -1.62414568 -0.4719157  -0.20782558 -0.08043503  0.21749259
  0.18672373 -1.3181937  -1.78597326 -1.62827074  0.59055065 -0.0929712
  0.82454401  0.81076453  1.51705227 -1.05048215  0.32993296  0.73573367
 -0.88010255 -1.22300407 -0.29162561 -1.94448178 -0.42701232 -1.67304766
 -1.49541398  0.87593918  1.45496568  1.9608912  -1.76642908  1.40341696
 -1.29779138  0.66146511 -1.09079483 -1.02915524  0.9531747  -0.84825047
 -1.56711461  1.89560436  0.97784347 -1.55092851 -1.45579145 -0.10028667
 -1.48514043 -1.87665675 -0.8210312  -1.61451321  0.6125603  -1.71912272
 -0.5768123   0.16295498 -0.6470359   0.26090899  1.04986015 -1.83714554
 -1.73562977 -0.525339    1.05111402 -0.83001623  0.83080767  1.71990704
 -1.79570764 -1.56869385  0.63045936 -0.01194095 -0.25529723  1.41666705
  0.9487668   0.40178472  0.39611328  1.66398289  1.4791127   0.19039764
 -0.67730963  0.83987266 -1.96399679 -0.11806901  1.63819859 -1.06469731
 -0.57585907 -0.40998605 -0.06915201  0.33208407], Measures: [0.51019153 0.86955877]
Elite 3: Fitness: 270.88293849887833, Solution: [-1.30121169 -0.43934916 -0.79815055  1.31492276 -1.79158701  0.78099284
 -1.63611984 -1.52486312 -1.16964917 -0.61959498 -0.39267447 -0.26479343
  0.61780327 -1.56317661 -1.71689584 -1.86949727  0.74381893 -0.5074179
  0.67192442  0.8241901   1.65211628 -1.41939302  0.07381268  1.25972773
 -0.95802809 -1.83368713 -0.47158751 -0.94677278 -0.15573743 -1.62047699
 -1.71847505  0.45679703  1.63120553  1.30203247 -1.37748191  1.39031121
 -1.54198763  0.89655013 -1.43336167 -1.06400609  1.15928092 -0.35031153
 -1.73517816  1.92586323  0.56029945 -1.20412943 -1.85312897  0.21425511
 -1.26028313 -1.53635969 -0.47106025 -1.67980904  0.63897079 -1.2675887
 -0.05761485  0.04315318 -0.8907854   0.84319926  1.04048992 -1.51113129
 -1.67614566 -1.43741977  1.99051144 -0.88134593  1.50104182  1.62204099
 -1.42762984 -1.24297162  0.03444182  0.3101625  -0.73280583  1.36817443
  0.34397415 -0.40577853  0.74186627  1.78797704  1.6815613  -0.4398244
 -0.42705719  0.38207138 -1.1398121  -0.91575279  1.63755034 -0.48875994
 -0.79862905 -0.7224889   0.14945617  0.18787157], Measures: [0.41393671 0.76719926]
