Elite 1: Fitness: 500.0, Solution: [ 0.6151388   1.53138299  0.23816568 -1.12340468  1.12112426  0.63240203
  0.62952328 -1.52405613  0.35247229  0.1090177   0.95576563  0.60823359
  0.84472603  1.36364706 -1.91573561 -1.55061862 -0.32397379  0.71141734
  0.23606456 -0.99136962  1.50191886  1.00158518 -0.16661699 -0.16861178
  0.4381433   0.69340046 -0.05458515  0.51395304  0.26617192 -0.32638048
  0.24704782  0.21012153 -0.88485222  1.16420309 -0.24106736 -0.60925916
 -0.56361539 -0.0937703  -0.51370701 -0.01965866 -0.47790209  0.05449098
  0.60367717  0.67356467], Measures: [0.0507974  0.07040944]
Elite 2: Fitness: 500.0, Solution: [ 0.8347192   1.16563533  0.52345465 -1.03352866  0.27797295  0.63494189
 -0.11055573 -1.5083236   1.5932875  -0.03386787  0.8991484   0.42224882
 -0.21833837  0.51883209 -1.7007256  -1.41791486 -0.25193684  0.43792362
  0.99201225 -0.75790207  0.63787435  1.64927885  0.4559133   1.27212791
 -0.52516389  0.34416162 -0.52573918  0.23395648  0.65145998 -0.18867528
  0.52922688  0.59750908 -0.49438375  0.63282618 -0.09827587 -0.56017651
 -0.29540134  0.08437315 -1.17345832  0.47599456 -0.01050955  1.47543459
  1.48840034 -0.02062348], Measures: [0.17173233 0.08699119]
Elite 3: Fitness: 500.0, Solution: [ 0.69545945  1.07047023  0.22155956 -1.20777472 -0.13582641  1.35396308
 -0.49786344 -1.65082651  0.27704081 -0.27925534  1.0538756   0.38496204
 -0.54767842  0.80438871 -0.78466873 -1.67867954  0.50554057 -0.12974144
  1.04670874 -1.26937612  0.41276369  0.63988077  0.64005251  0.93263096
 -0.30225135  0.33064595 -0.02379858 -0.10150126  0.92969071  0.44053338
  1.62996685 -0.23428168  0.17396039  1.01703259  0.38245494 -0.52909282
 -0.07164639 -0.21750281 -0.84842298  0.36594473  0.0270552   0.96400059
  1.04563043  0.12426472], Measures: [0.2892409  0.08553743]
