Elite 1: Fitness: 272.9894152514588, Solution: [ 1.21147206  0.11395699 -1.21049357 -0.94463202 -1.50335369  1.50615048
  1.61956843  1.3259448   0.80677122 -0.51817977 -0.70385913  0.31220547
 -1.24815562 -0.10801386 -0.25668437 -1.23451548 -0.7076776   0.23241757
 -0.7314662   1.40832493  0.52701239 -0.27589869  1.35170725  1.31472427
  0.43878661  0.69569638 -0.84826273  0.07847711 -1.13985029  0.52476549
 -0.49043803 -1.01726272 -0.04646755 -0.86053476  0.15741138 -1.1569237
 -0.24377774 -0.58743447 -1.05589024 -0.73860586 -1.25997294 -0.44202603
  1.66553536 -0.83416097  0.84987597 -1.09317307  0.41906473  0.05941017
 -0.22518575  0.95983595 -0.78052334  0.90999727 -0.93666836  1.54805726
  1.46769102 -0.71488594  0.9979256   0.55223891  1.31888237  0.49181177
 -1.4888267   0.96237057 -1.22159456  1.25243013  0.8255039  -0.758228
  0.36358105 -0.35134788  1.22584554  0.34126616 -1.28869665  1.5867953
  0.78769993  0.64176394 -0.43561797 -1.12962858  1.41692164 -1.11100643
 -0.49350687  1.1325901   1.05680271 -0.8097004   1.10087939 -0.31905312
  0.32877091 -0.63451895 -0.27352779  0.38729773], Measures: [0.31356304 0.55776246]
Elite 2: Fitness: 271.0448229024298, Solution: [ 1.622681   -0.31270386 -1.25386225 -0.93018251 -1.31238229  1.26681271
  1.73184263  1.59767856  0.65027202 -0.40041689 -0.70053656  0.52377369
 -1.29870665  0.21711376 -0.36867392 -1.30657957 -0.64847123  0.29510008
 -0.79592639  1.28245817  0.2051414  -0.41788075  1.07428548  1.39467829
  0.53948631  0.62778956 -0.77021998 -0.08587984 -0.95184136  0.61403728
 -0.46811927 -1.31704555 -0.34960121 -0.98596605  0.07655339 -1.10415273
 -0.35001224 -0.78049618 -1.14081348 -0.90321573 -1.53385261 -0.35772535
  1.41454741 -0.89154728  0.97083029 -0.84134099  0.15979367  0.28890952
 -0.26935433  1.28183624 -0.74769541  1.00012846 -1.08681099  1.34113675
  1.33270823 -0.50171804  1.15969351  0.63340262  1.31015694  0.63144435
 -1.60651288  1.08180311 -1.02735246  1.09186451  0.62656788 -0.63443937
  0.56658697 -0.41209104  1.281389    0.44777489 -1.35956871  1.4367031
  0.68243742  0.52941838 -0.4030938  -1.12313224  1.39854213 -1.01042737
 -0.51890897  1.15565391  1.09647884 -0.50916863  1.01961166 -0.42340816
 -0.00178408 -0.6300545  -0.58553516  0.38632799], Measures: [0.29820917 0.56881339]
Elite 3: Fitness: 270.8080868536151, Solution: [-1.70595731  1.52131142 -1.09780166 -0.75975161  1.19628397 -0.73507099
 -1.60113438 -0.65722609  1.44620261  0.04912609  1.31625549  0.14638678
 -0.99080466  1.08467849 -0.53600404 -1.06370942  0.30925824 -0.46215476
 -1.27222689  0.60969851 -1.02805562 -0.72868    -0.367767   -0.61556757
  1.09923151 -0.26048969 -0.22903009  0.26337039  0.13670751  0.22116648
 -0.79559534 -0.0330631  -0.80420498 -0.26856543  0.91008663 -0.54795865
 -0.76526205  0.85063025 -0.52754797 -0.18908038 -1.07063153  0.79398103
  0.95858206 -0.43527408  1.22030591  0.93129712  0.71107484 -0.47112614
 -0.14203507 -0.61906498  0.65026389  0.45269236  1.5347886  -1.42371772
  0.60245587  0.51106594  1.35843104 -0.00264102 -1.41703227  1.01957845
 -0.98637991 -0.30250739 -0.39032067  0.73920977  0.5726122  -0.34183163
 -0.71566626  0.33070222 -0.34081839  0.95970604  0.37934706  1.14829645
  1.02411196 -1.33184    -1.28496225 -1.04063792  0.63012111 -0.23531008
 -1.58423221 -1.30852404  0.56054579 -0.82933803  1.61125183 -0.5203111
 -0.62354062  0.86666231  1.66674255  0.36778408], Measures: [0.37999691 0.2069881 ]
