Elite 1: Fitness: 500.0, Solution: [-0.63871296  0.55140856 -0.26153837  0.45187463  0.39780344 -0.48454489
 -0.06188886 -0.63655182  0.393291   -0.4898348  -0.88334122  0.0266132
 -0.89933633  0.50393783  1.36607646  0.35086182 -0.81872489  0.23346843
 -0.26474902 -0.85731312 -0.28501812  0.93484098  0.20521667  0.12843496
 -1.04046476 -0.14223044  0.49086052 -0.09551067 -0.85202874  0.09910575
  0.3485662   0.88846555  0.71670714  0.99499128 -0.38030852 -0.91387265
  0.70791723  0.74314319  0.43571882  0.01069061 -0.45433899 -0.41310192
  0.28243982  0.87152466], Measures: [0.04840316 0.05566053]
Elite 2: Fitness: 500.0, Solution: [-0.6931198   0.67321622 -0.198387    0.41618278  0.47717331 -0.51052703
 -0.03000408 -0.54023784  0.50627562 -0.32370221 -0.70337793  0.12897156
 -0.86370225  0.48807617  1.31021858  0.27546935 -0.88253044  0.20609974
 -0.24035329 -0.84652297 -0.2968306   0.82886311  0.14053285 -0.02108174
 -1.02043254 -0.1287673   0.52825866 -0.01048248 -0.7567988   0.06799159
  0.37712585  0.83877258  0.70634004  0.91545109 -0.18621439 -0.97643176
  0.65216154  0.79912419  0.62722055 -0.08314052 -0.37331757 -0.36673218
  0.32328642  0.77607848], Measures: [0.08460328 0.06076313]
Elite 3: Fitness: 500.0, Solution: [-0.49916253  0.89511403 -0.07328858  0.43712967  0.67914595 -0.6965841
 -0.41388914 -0.05450548 -0.04965666 -0.65468187 -0.9952171  -0.06616306
 -0.80240694  0.29947609  0.89245942  0.54355071 -0.85530958 -0.0508518
 -0.38191688 -0.90647663 -0.59015409  0.88605868  0.04203368  0.59194933
 -0.90696421 -0.26168605  0.26143743 -0.11905568 -0.77406659  0.08758823
  0.58106114  0.80640521  0.7998885   0.91405608 -0.02200439 -0.59210269
  0.46559968  0.66042932  0.25092825 -0.07837899 -0.14950731 -0.19679235
  0.52301847  0.56252402], Measures: [0.17297377 0.03641284]
